[Before everything] Memory used: 143.55 MB
Base path: C:\Users\leavi\bachelor\code
Configuration saved to C:\Users\leavi\bachelor\logs\simulation_config_20250512_195652.json
Execution time for reading: 0.008706093 seconds for 1000 samples
Error: The difference between non_signal_voltage and voltage is not 1
seed: 475337
T1_dampening at initialize end: 19.583478569984436
voltage at initialize end: 0.2
Voltage_decoy at initialize end: -0.40767719596624374
Voltage_decoy_sup at initialize end: -0.6070890054106712
Voltage_sup at initialize end: -0.2262081727385521
Difference EAM Peak dB: 16.713026226022922
Lower EAM Peak dB: -17.896626229109497
Higher EAM Peak dB: -1.1836000030865748
random_laser, fixed: None, times: [8.35921491 7.84968329]
peak_wavelength[0]: 1550.8470888599977, peak_wavelength[-1]: 1550.848631155935
optical_power[0]: 2.268195873363554e-05, optical_power[-1]: 2.2044385653739064e-05
[in choose photon after pre-allocate arrays] Memory used: 343.33 MB
[after choose: 4.429208040237427] Memory used: 343.35 MB
[before detection time:4.429411888122559] Memory used: 343.35 MB
[before jitter detector: 4.429655075073242] Memory used: 343.36 MB
[before darkcount: 4.429736137390137] Memory used: 343.36 MB
total darkcounts: 0
f_0: 193308844020445.94, i: 0, batchsize: 500, peak_wavelength[i]: 1.5508470888599978e-06
f_0: 193308651777670.75, i: 500, batchsize: 500, peak_wavelength[i]: 1.5508486311559351e-06
[in choose photon after pre-allocate arrays] Memory used: 354.15 MB
[after choose: 27.877389669418335] Memory used: 354.15 MB
[before detection time:27.87756633758545] Memory used: 354.15 MB
[before jitter detector: 27.877669095993042] Memory used: 354.15 MB
[before darkcount: 27.877766132354736] Memory used: 354.15 MB
total darkcounts: 0
len(get_original_indexing_z): 22
len(get_original_indexing_x): 1
Z_0_alice: [  2   7  12  17  22  27  32  37  42  47  52  57  62  67  72  77  82  87
  92  97 102 107 112 117 122 127 132 137 142 147 152 157 162 167 172 177
 182 187 192 197 202 207 212 217 222 227 232 237 242 247 252 257 262 267
 272 277 282 287 292 297 302 307 312 317 322 327 332 337 342 347 352 357
 362 367 372 377 382 387 392 397 402 407 412 417 422 427 432 437 442 447
 452 457 462 467 472 477 482 487 492 497 502 507 512 517 522 527 532 537
 542 547 552 557 562 567 572 577 582 587 592 597 602 607 612 617 622 627
 632 637 642 647 652 657 662 667 672 677 682 687 692 697 702 707 712 717
 722 727 732 737 742 747 752 757 762 767 772 777 782 787 792 797 802 807
 812 817 822 827 832 837 842 847 852 857 862 867 872 877 882 887 892 897
 902 907 912 917 922 927 932 937 942 947 952 957 962 967 972 977 982 987
 992 997]
Z_1_alice: [  1   6  11  16  21  26  31  36  41  46  51  56  61  66  71  76  81  86
  91  96 101 106 111 116 121 126 131 136 141 146 151 156 161 166 171 176
 181 186 191 196 201 206 211 216 221 226 231 236 241 246 251 256 261 266
 271 276 281 286 291 296 301 306 311 316 321 326 331 336 341 346 351 356
 361 366 371 376 381 386 391 396 401 406 411 416 421 426 431 436 441 446
 451 456 461 466 471 476 481 486 491 496 501 506 511 516 521 526 531 536
 541 546 551 556 561 566 571 576 581 586 591 596 601 606 611 616 621 626
 631 636 641 646 651 656 661 666 671 676 681 686 691 696 701 706 711 716
 721 726 731 736 741 746 751 756 761 766 771 776 781 786 791 796 801 806
 811 816 821 826 831 836 841 846 851 856 861 866 871 876 881 886 891 896
 901 906 911 916 921 926 931 936 941 946 951 956 961 966 971 976 981 986
 991 996]
has_0_long: [ 17  57  97 172 197 292 297 387 417 567 662 667 757 927]
has_1_long: [196 211 256 266 351 576 706 911]
ind_Z0_verified_long: [ 17  57  97 172 197 292 297 387 417 567 662 667 757 927]
ind_Z1_verified_long: [196 211 256 266 351 576 706 911]
ind_Z0_checked: [ 17  57  97 172 197 292 297 387 417 567 662 667 757 927]
ind_Z1_checked: [196 211 256 266 351 576 706 911]
ind_sent_non_dec: [  0   1   2   3   4   5   6   7   8   9  10  11  12  13  14  15  16  17
  18  19  20  21  22  23  24  25  26  27  28  29  30  31  32  33  34  35
  36  37  38  39  40  41  42  43  44  45  46  47  48  49  50  51  52  53
  54  55  56  57  58  59  60  61  62  63  64  65  66  67  68  69  70  71
  72  73  74  75  76  77  78  79  80  81  82  83  84  85  86  87  88  89
  90  91  92  93  94  95  96  97  98  99 100 101 102 103 104 105 106 107
 108 109 110 111 112 113 114 115 116 117 118 119 120 121 122 123 124 125
 126 127 128 129 130 131 132 133 134 135 136 137 138 139 140 141 142 143
 144 145 146 147 148 149 150 151 152 153 154 155 156 157 158 159 160 161
 162 163 164 165 166 167 168 169 170 171 172 173 174 175 176 177 178 179
 180 181 182 183 184 185 186 187 188 189 190 191 192 193 194 195 196 197
 198 199 200 201 202 203 204 205 206 207 208 209 210 211 212 213 214 215
 216 217 218 219 220 221 222 223 224 225 226 227 228 229 230 231 232 233
 234 235 236 237 238 239 240 241 242 243 244 245 246 247 248 249 250 251
 252 253 254 255 256 257 258 259 260 261 262 263 264 265 266 267 268 269
 270 271 272 273 274 275 276 277 278 279 280 281 282 283 284 285 286 287
 288 289 290 291 292 293 294 295 296 297 298 299 300 301 302 303 304 305
 306 307 308 309 310 311 312 313 314 315 316 317 318 319 320 321 322 323
 324 325 326 327 328 329 330 331 332 333 334 335 336 337 338 339 340 341
 342 343 344 345 346 347 348 349 350 351 352 353 354 355 356 357 358 359
 360 361 362 363 364 365 366 367 368 369 370 371 372 373 374 375 376 377
 378 379 380 381 382 383 384 385 386 387 388 389 390 391 392 393 394 395
 396 397 398 399 400 401 402 403 404 405 406 407 408 409 410 411 412 413
 414 415 416 417 418 419 420 421 422 423 424 425 426 427 428 429 430 431
 432 433 434 435 436 437 438 439 440 441 442 443 444 445 446 447 448 449
 450 451 452 453 454 455 456 457 458 459 460 461 462 463 464 465 466 467
 468 469 470 471 472 473 474 475 476 477 478 479 480 481 482 483 484 485
 486 487 488 489 490 491 492 493 494 495 496 497 498 499 500 501 502 503
 504 505 506 507 508 509 510 511 512 513 514 515 516 517 518 519 520 521
 522 523 524 525 526 527 528 529 530 531 532 533 534 535 536 537 538 539
 540 541 542 543 544 545 546 547 548 549 550 551 552 553 554 555 556 557
 558 559 560 561 562 563 564 565 566 567 568 569 570 571 572 573 574 575
 576 577 578 579 580 581 582 583 584 585 586 587 588 589 590 591 592 593
 594 595 596 597 598 599 600 601 602 603 604 605 606 607 608 609 610 611
 612 613 614 615 616 617 618 619 620 621 622 623 624 625 626 627 628 629
 630 631 632 633 634 635 636 637 638 639 640 641 642 643 644 645 646 647
 648 649 650 651 652 653 654 655 656 657 658 659 660 661 662 663 664 665
 666 667 668 669 670 671 672 673 674 675 676 677 678 679 680 681 682 683
 684 685 686 687 688 689 690 691 692 693 694 695 696 697 698 699 700 701
 702 703 704 705 706 707 708 709 710 711 712 713 714 715 716 717 718 719
 720 721 722 723 724 725 726 727 728 729 730 731 732 733 734 735 736 737
 738 739 740 741 742 743 744 745 746 747 748 749 750 751 752 753 754 755
 756 757 758 759 760 761 762 763 764 765 766 767 768 769 770 771 772 773
 774 775 776 777 778 779 780 781 782 783 784 785 786 787 788 789 790 791
 792 793 794 795 796 797 798 799 800 801 802 803 804 805 806 807 808 809
 810 811 812 813 814 815 816 817 818 819 820 821 822 823 824 825 826 827
 828 829 830 831 832 833 834 835 836 837 838 839 840 841 842 843 844 845
 846 847 848 849 850 851 852 853 854 855 856 857 858 859 860 861 862 863
 864 865 866 867 868 869 870 871 872 873 874 875 876 877 878 879 880 881
 882 883 884 885 886 887 888 889 890 891 892 893 894 895 896 897 898 899
 900 901 902 903 904 905 906 907 908 909 910 911 912 913 914 915 916 917
 918 919 920 921 922 923 924 925 926 927 928 929 930 931 932 933 934 935
 936 937 938 939 940 941 942 943 944 945 946 947 948 949 950 951 952 953
 954 955 956 957 958 959 960 961 962 963 964 965 966 967 968 969 970 971
 972 973 974 975 976 977 978 979 980 981 982 983 984 985 986 987 988 989
 990 991 992 993 994 995 996 997 998 999]
ind_Z0_checked_non_dec: [ 17  57  97 172 197 292 297 387 417 567 662 667 757 927]
ind_Z1_checked_non_dec: [196 211 256 266 351 576 706 911]
ind_sent_dec: []
ind_Z0_checked_dec: []
ind_Z1_checked_dec: []
ind_has_0_xpz1_s: 0
XP_Z1_alice_s: [  1   6  11  16  21  26  31  36  41  46  51  56  61  66  71  76  81  86
  91  96 101 106 111 116 121 126 131 136 141 146 151 156 161 166 171 176
 181 186 191 196 201 206 211 216 221 226 231 236 241 246 251 256 261 266
 271 276 281 286 291 296 301 306 311 316 321 326 331 336 341 346 351 356
 361 366 371 376 381 386 391 396 401 406 411 416 421 426 431 436 441 446
 451 456 461 466 471 476 481 486 491 496 501 506 511 516 521 526 531 536
 541 546 551 556 561 566 571 576 581 586 591 596 601 606 611 616 621 626
 631 636 641 646 651 656 661 666 671 676 681 686 691 696 701 706 711 716
 721 726 731 736 741 746 751 756 761 766 771 776 781 786 791 796 801 806
 811 816 821 826 831 836 841 846 851 856 861 866 871 876 881 886 891 896
 901 906 911 916 921 926 931 936 941 946 951 956 961 966 971 976 981 986
 991 996], shape: (200,)
ind_has_0_z0xp_s: 1
Z0_XP_alice_s: [  3   8  13  18  23  28  33  38  43  48  53  58  63  68  73  78  83  88
  93  98 103 108 113 118 123 128 133 138 143 148 153 158 163 168 173 178
 183 188 193 198 203 208 213 218 223 228 233 238 243 248 253 258 263 268
 273 278 283 288 293 298 303 308 313 318 323 328 333 338 343 348 353 358
 363 368 373 378 383 388 393 398 403 408 413 418 423 428 433 438 443 448
 453 458 463 468 473 478 483 488 493 498 503 508 513 518 523 528 533 538
 543 548 553 558 563 568 573 578 583 588 593 598 603 608 613 618 623 628
 633 638 643 648 653 658 663 668 673 678 683 688 693 698 703 708 713 718
 723 728 733 738 743 748 753 758 763 768 773 778 783 788 793 798 803 808
 813 818 823 828 833 838 843 848 853 858 863 868 873 878 883 888 893 898
 903 908 913 918 923 928 933 938 943 948 953 958 963 968 973 978 983 988
 993 998], shape: (200,)
ind_has_0_xpz1_d: 0
XP_Z1_alice_d: [], shape: (0,)
ind_has_0_z0xp_d: 0
Z0_XP_alice_d: [], shape: (0,)
X_P_calc_dec:0.0
X_P_calc_non_dec:8.0
Execution time for simulation: 27.884051085 seconds for 1000 samples
