[Before everything] Memory used: 143.47 MB
Base path: C:\Users\leavi\bachelor\code
Configuration saved to C:\Users\leavi\bachelor\logs\simulation_config_20250512_200036.json
Execution time for reading: 0.008295536 seconds for 1000 samples
Error: The difference between non_signal_voltage and voltage is not 1
seed: 999723
T1_dampening at initialize end: 19.583478569984436
voltage at initialize end: 0.2
Voltage_decoy at initialize end: -0.40767719596624374
Voltage_decoy_sup at initialize end: -0.6070890054106712
Voltage_sup at initialize end: -0.2262081727385521
Difference EAM Peak dB: 16.713026226022922
Lower EAM Peak dB: -17.896626229109497
Higher EAM Peak dB: -1.1836000030865748
random_laser, fixed: None, times: [8.87183081 0.16101161]
peak_wavelength[0]: 1550.8485443279321, peak_wavelength[-1]: 1550.8470167586581
optical_power[0]: 2.2080045791703185e-05, optical_power[-1]: 2.2711944733911682e-05
[in choose photon after pre-allocate arrays] Memory used: 341.97 MB
[after choose: 4.6349170207977295] Memory used: 341.99 MB
[before detection time:4.635124206542969] Memory used: 341.99 MB
[before jitter detector: 4.635377645492554] Memory used: 342.00 MB
[before darkcount: 4.635452747344971] Memory used: 342.00 MB
total darkcounts: 0
f_0: 193308662600522.7, i: 0, batchsize: 500, peak_wavelength[i]: 1.5508485443279321e-06
f_0: 193308853007680.94, i: 500, batchsize: 500, peak_wavelength[i]: 1.5508470167586583e-06
[in choose photon after pre-allocate arrays] Memory used: 356.36 MB
[after choose: 28.18213200569153] Memory used: 356.36 MB
[before detection time:28.18231987953186] Memory used: 356.36 MB
[before jitter detector: 28.182427406311035] Memory used: 356.36 MB
[before darkcount: 28.182485580444336] Memory used: 356.36 MB
total darkcounts: 0
len(get_original_indexing_z): 45
len(get_original_indexing_x): 1
Z_0_alice: [  0   3   4   7   8  11  12  15  16  19  20  23  24  27  28  31  32  35
  36  39  40  43  44  47  48  51  52  55  56  59  60  63  64  67  68  71
  72  75  76  79  80  83  84  87  88  91  92  95  96  99 100 103 104 107
 108 111 112 115 116 119 120 123 124 127 128 131 132 135 136 139 140 143
 144 147 148 151 152 155 156 159 160 163 164 167 168 171 172 175 176 179
 180 183 184 187 188 191 192 195 196 199 200 203 204 207 208 211 212 215
 216 219 220 223 224 227 228 231 232 235 236 239 240 243 244 247 248 251
 252 255 256 259 260 263 264 267 268 271 272 275 276 279 280 283 284 287
 288 291 292 295 296 299 300 303 304 307 308 311 312 315 316 319 320 323
 324 327 328 331 332 335 336 339 340 343 344 347 348 351 352 355 356 359
 360 363 364 367 368 371 372 375 376 379 380 383 384 387 388 391 392 395
 396 399 400 403 404 407 408 411 412 415 416 419 420 423 424 427 428 431
 432 435 436 439 440 443 444 447 448 451 452 455 456 459 460 463 464 467
 468 471 472 475 476 479 480 483 484 487 488 491 492 495 496 499 500 503
 504 507 508 511 512 515 516 519 520 523 524 527 528 531 532 535 536 539
 540 543 544 547 548 551 552 555 556 559 560 563 564 567 568 571 572 575
 576 579 580 583 584 587 588 591 592 595 596 599 600 603 604 607 608 611
 612 615 616 619 620 623 624 627 628 631 632 635 636 639 640 643 644 647
 648 651 652 655 656 659 660 663 664 667 668 671 672 675 676 679 680 683
 684 687 688 691 692 695 696 699 700 703 704 707 708 711 712 715 716 719
 720 723 724 727 728 731 732 735 736 739 740 743 744 747 748 751 752 755
 756 759 760 763 764 767 768 771 772 775 776 779 780 783 784 787 788 791
 792 795 796 799 800 803 804 807 808 811 812 815 816 819 820 823 824 827
 828 831 832 835 836 839 840 843 844 847 848 851 852 855 856 859 860 863
 864 867 868 871 872 875 876 879 880 883 884 887 888 891 892 895 896 899
 900 903 904 907 908 911 912 915 916 919 920 923 924 927 928 931 932 935
 936 939 940 943 944 947 948 951 952 955 956 959 960 963 964 967 968 971
 972 975 976 979 980 983 984 987 988 991 992 995 996 999]
Z_1_alice: [  2   6  10  14  18  22  26  30  34  38  42  46  50  54  58  62  66  70
  74  78  82  86  90  94  98 102 106 110 114 118 122 126 130 134 138 142
 146 150 154 158 162 166 170 174 178 182 186 190 194 198 202 206 210 214
 218 222 226 230 234 238 242 246 250 254 258 262 266 270 274 278 282 286
 290 294 298 302 306 310 314 318 322 326 330 334 338 342 346 350 354 358
 362 366 370 374 378 382 386 390 394 398 402 406 410 414 418 422 426 430
 434 438 442 446 450 454 458 462 466 470 474 478 482 486 490 494 498 502
 506 510 514 518 522 526 530 534 538 542 546 550 554 558 562 566 570 574
 578 582 586 590 594 598 602 606 610 614 618 622 626 630 634 638 642 646
 650 654 658 662 666 670 674 678 682 686 690 694 698 702 706 710 714 718
 722 726 730 734 738 742 746 750 754 758 762 766 770 774 778 782 786 790
 794 798 802 806 810 814 818 822 826 830 834 838 842 846 850 854 858 862
 866 870 874 878 882 886 890 894 898 902 906 910 914 918 922 926 930 934
 938 942 946 950 954 958 962 966 970 974 978 982 986 990 994 998]
has_0_long: [ 19  48  95 116 188 212 224 256 279 376 403 446 480 512 548 584 620 680
 683 692 808 855 862 867 950 967 996]
has_1_long: [ 14  23  46 182 226 290 298 318 322 326 378 386 626 638 658 818 974 982]
ind_Z0_verified_long: [ 19  48  95 116 188 212 224 256 279 376 403 480 512 548 584 620 680 683
 692 808 855 867 967 996]
ind_Z1_verified_long: [ 14  46 182 226 290 298 318 322 326 378 386 626 638 658 818 974 982]
ind_Z0_checked: [ 19  48  95 116 188 212 224 256 279 376 403 480 512 548 584 620 680 683
 692 808 855 867 967 996]
ind_Z1_checked: [ 14  46 182 226 290 298 318 322 326 378 386 626 638 658 818 974 982]
ind_sent_non_dec: [  0   1   2   4   5   6   8   9  10  12  13  14  16  17  18  20  21  22
  24  25  26  28  29  30  32  33  34  36  37  38  40  41  42  44  45  46
  48  49  50  52  53  54  56  57  58  60  61  62  64  65  66  68  69  70
  72  73  74  76  77  78  80  81  82  84  85  86  88  89  90  92  93  94
  96  97  98 100 101 102 104 105 106 108 109 110 112 113 114 116 117 118
 120 121 122 124 125 126 128 129 130 132 133 134 136 137 138 140 141 142
 144 145 146 148 149 150 152 153 154 156 157 158 160 161 162 164 165 166
 168 169 170 172 173 174 176 177 178 180 181 182 184 185 186 188 189 190
 192 193 194 196 197 198 200 201 202 204 205 206 208 209 210 212 213 214
 216 217 218 220 221 222 224 225 226 228 229 230 232 233 234 236 237 238
 240 241 242 244 245 246 248 249 250 252 253 254 256 257 258 260 261 262
 264 265 266 268 269 270 272 273 274 276 277 278 280 281 282 284 285 286
 288 289 290 292 293 294 296 297 298 300 301 302 304 305 306 308 309 310
 312 313 314 316 317 318 320 321 322 324 325 326 328 329 330 332 333 334
 336 337 338 340 341 342 344 345 346 348 349 350 352 353 354 356 357 358
 360 361 362 364 365 366 368 369 370 372 373 374 376 377 378 380 381 382
 384 385 386 388 389 390 392 393 394 396 397 398 400 401 402 404 405 406
 408 409 410 412 413 414 416 417 418 420 421 422 424 425 426 428 429 430
 432 433 434 436 437 438 440 441 442 444 445 446 448 449 450 452 453 454
 456 457 458 460 461 462 464 465 466 468 469 470 472 473 474 476 477 478
 480 481 482 484 485 486 488 489 490 492 493 494 496 497 498 500 501 502
 504 505 506 508 509 510 512 513 514 516 517 518 520 521 522 524 525 526
 528 529 530 532 533 534 536 537 538 540 541 542 544 545 546 548 549 550
 552 553 554 556 557 558 560 561 562 564 565 566 568 569 570 572 573 574
 576 577 578 580 581 582 584 585 586 588 589 590 592 593 594 596 597 598
 600 601 602 604 605 606 608 609 610 612 613 614 616 617 618 620 621 622
 624 625 626 628 629 630 632 633 634 636 637 638 640 641 642 644 645 646
 648 649 650 652 653 654 656 657 658 660 661 662 664 665 666 668 669 670
 672 673 674 676 677 678 680 681 682 684 685 686 688 689 690 692 693 694
 696 697 698 700 701 702 704 705 706 708 709 710 712 713 714 716 717 718
 720 721 722 724 725 726 728 729 730 732 733 734 736 737 738 740 741 742
 744 745 746 748 749 750 752 753 754 756 757 758 760 761 762 764 765 766
 768 769 770 772 773 774 776 777 778 780 781 782 784 785 786 788 789 790
 792 793 794 796 797 798 800 801 802 804 805 806 808 809 810 812 813 814
 816 817 818 820 821 822 824 825 826 828 829 830 832 833 834 836 837 838
 840 841 842 844 845 846 848 849 850 852 853 854 856 857 858 860 861 862
 864 865 866 868 869 870 872 873 874 876 877 878 880 881 882 884 885 886
 888 889 890 892 893 894 896 897 898 900 901 902 904 905 906 908 909 910
 912 913 914 916 917 918 920 921 922 924 925 926 928 929 930 932 933 934
 936 937 938 940 941 942 944 945 946 948 949 950 952 953 954 956 957 958
 960 961 962 964 965 966 968 969 970 972 973 974 976 977 978 980 981 982
 984 985 986 988 989 990 992 993 994 996 997 998]
ind_Z0_checked_non_dec: [ 48 116 188 212 224 256 376 480 512 548 584 620 680 692 808 996]
ind_Z1_checked_non_dec: [ 14  46 182 226 290 298 318 322 326 378 386 626 638 658 818 974 982]
ind_sent_dec: [  3   7  11  15  19  23  27  31  35  39  43  47  51  55  59  63  67  71
  75  79  83  87  91  95  99 103 107 111 115 119 123 127 131 135 139 143
 147 151 155 159 163 167 171 175 179 183 187 191 195 199 203 207 211 215
 219 223 227 231 235 239 243 247 251 255 259 263 267 271 275 279 283 287
 291 295 299 303 307 311 315 319 323 327 331 335 339 343 347 351 355 359
 363 367 371 375 379 383 387 391 395 399 403 407 411 415 419 423 427 431
 435 439 443 447 451 455 459 463 467 471 475 479 483 487 491 495 499 503
 507 511 515 519 523 527 531 535 539 543 547 551 555 559 563 567 571 575
 579 583 587 591 595 599 603 607 611 615 619 623 627 631 635 639 643 647
 651 655 659 663 667 671 675 679 683 687 691 695 699 703 707 711 715 719
 723 727 731 735 739 743 747 751 755 759 763 767 771 775 779 783 787 791
 795 799 803 807 811 815 819 823 827 831 835 839 843 847 851 855 859 863
 867 871 875 879 883 887 891 895 899 903 907 911 915 919 923 927 931 935
 939 943 947 951 955 959 963 967 971 975 979 983 987 991 995 999]
ind_Z0_checked_dec: [ 19  95 279 403 683 855 867 967]
ind_Z1_checked_dec: []
ind_has_0_xpz1_s: 0
XP_Z1_alice_s: [  2   6  10  14  18  22  26  30  34  38  42  46  50  54  58  62  66  70
  74  78  82  86  90  94  98 102 106 110 114 118 122 126 130 134 138 142
 146 150 154 158 162 166 170 174 178 182 186 190 194 198 202 206 210 214
 218 222 226 230 234 238 242 246 250 254 258 262 266 270 274 278 282 286
 290 294 298 302 306 310 314 318 322 326 330 334 338 342 346 350 354 358
 362 366 370 374 378 382 386 390 394 398 402 406 410 414 418 422 426 430
 434 438 442 446 450 454 458 462 466 470 474 478 482 486 490 494 498 502
 506 510 514 518 522 526 530 534 538 542 546 550 554 558 562 566 570 574
 578 582 586 590 594 598 602 606 610 614 618 622 626 630 634 638 642 646
 650 654 658 662 666 670 674 678 682 686 690 694 698 702 706 710 714 718
 722 726 730 734 738 742 746 750 754 758 762 766 770 774 778 782 786 790
 794 798 802 806 810 814 818 822 826 830 834 838 842 846 850 854 858 862
 866 870 874 878 882 886 890 894 898 902 906 910 914 918 922 926 930 934
 938 942 946 950 954 958 962 966 970 974 978 982 986 990 994 998], shape: (250,)
ind_has_0_z0xp_s: 1
Z0_XP_alice_s: [  1   5   9  13  17  21  25  29  33  37  41  45  49  53  57  61  65  69
  73  77  81  85  89  93  97 101 105 109 113 117 121 125 129 133 137 141
 145 149 153 157 161 165 169 173 177 181 185 189 193 197 201 205 209 213
 217 221 225 229 233 237 241 245 249 253 257 261 265 269 273 277 281 285
 289 293 297 301 305 309 313 317 321 325 329 333 337 341 345 349 353 357
 361 365 369 373 377 381 385 389 393 397 401 405 409 413 417 421 425 429
 433 437 441 445 449 453 457 461 465 469 473 477 481 485 489 493 497 501
 505 509 513 517 521 525 529 533 537 541 545 549 553 557 561 565 569 573
 577 581 585 589 593 597 601 605 609 613 617 621 625 629 633 637 641 645
 649 653 657 661 665 669 673 677 681 685 689 693 697 701 705 709 713 717
 721 725 729 733 737 741 745 749 753 757 761 765 769 773 777 781 785 789
 793 797 801 805 809 813 817 821 825 829 833 837 841 845 849 853 857 861
 865 869 873 877 881 885 889 893 897 901 905 909 913 917 921 925 929 933
 937 941 945 949 953 957 961 965 969 973 977 981 985 989 993 997], shape: (250,)
ind_has_0_xpz1_d: 0
XP_Z1_alice_d: [], shape: (0,)
ind_has_0_z0xp_d: 0
Z0_XP_alice_d: [], shape: (0,)
X_P_calc_dec:0.0
X_P_calc_non_dec:8.0
Execution time for simulation: 28.189503908 seconds for 1000 samples
