[Before everything] Memory used: 139.62 MB
Base path: C:\Users\leavi\OneDrive\Dokumente\Uni\Semester 7\NeuMoQP\Programm\code
Configuration saved to C:\Users\leavi\OneDrive\Dokumente\Uni\Semester 7\NeuMoQP\Programm\logs\simulation_config_20250428_233607.json
Execution time for reading: 0.023794174 seconds for 2000 samples
Error: The difference between non_signal_voltage and voltage is not 1
seed: 79732
T1_dampening at initialize end: 75.3205269575119
voltage at initialize end: 0.2
Voltage_decoy at initialize end: -0.1606449395418167
Voltage_decoy_sup at initialize end: -0.4039086729288101
Voltage_sup at initialize end: -0.2262105733156204
random_laser, fixed: None, times: [0.52751567 6.0021385 ]
[before simulating signal: 2.005] Memory used: 142.61 MB
[before eam: 8.098] Memory used: 471.18 MB
[before fiber: 9.103] Memory used: 471.18 MB
[before detector z: 9.126] Memory used: 471.18 MB
[in choose photon after pre-allocate arrays] Memory used: 471.21 MB
[after choose: 9.268559217453003] Memory used: 471.21 MB
[before detection time:9.268806457519531] Memory used: 471.21 MB
[before jitter detector: 9.270873069763184] Memory used: 471.22 MB
[before darkcount: 9.271022081375122] Memory used: 471.23 MB
total darkcounts: 0
[before DLI: 9.294] Memory used: 471.46 MB
f_0: 193308729251261.4, i: 0, batchsize: 1000, peak_wavelength[i]: 1.550848009612291e-06
f_0: 193308751762894.06, i: 1000, batchsize: 1000, peak_wavelength[i]: 1.5508478290093934e-06
[before detector x: 79.79473757743835] Memory used: 164.32 MB
[in choose photon after pre-allocate arrays] Memory used: 210.99 MB
[after choose: 79.9713146686554] Memory used: 211.06 MB
[before detection time:79.97159075737] Memory used: 211.07 MB
[before jitter detector: 79.97277235984802] Memory used: 211.10 MB
[before darkcount: 79.97305059432983] Memory used: 211.11 MB
total darkcounts: 0
ind_Z0_checked: [2]
ind_Z1_checked: [20]
ind_sent_non_dec: [   1    3    8    9   12   15   16   19   20   24   25   26   27   31
   34   35   36   37   38   39   42   46   47   49   50   51   52   54
   56   61   65   66   69   70   73   78   79   80   86   87   91   92
   93   95  100  101  103  104  106  109  110  112  113  114  118  119
  120  122  123  124  125  127  128  131  136  138  141  142  143  147
  148  149  152  155  156  158  159  165  168  169  171  173  174  176
  178  179  181  187  188  189  191  192  193  194  195  196  201  202
  203  206  210  211  212  213  214  215  219  225  227  228  229  230
  233  236  237  239  243  245  246  250  252  253  254  260  261  263
  265  266  268  269  270  274  278  280  282  285  288  289  293  294
  295  296  297  298  299  304  305  308  312  314  317  318  319  321
  322  323  324  326  327  329  331  333  343  345  347  348  352  353
  356  359  360  362  369  370  371  374  375  376  377  378  385  387
  391  393  396  398  399  403  404  410  411  414  415  416  417  420
  421  423  425  426  427  428  429  430  433  435  436  438  441  445
  447  449  451  455  461  462  463  468  470  472  473  474  487  488
  489  494  495  500  505  509  510  511  512  513  514  515  516  518
  520  522  523  524  525  528  531  532  536  537  539  540  541  544
  545  548  549  550  551  552  555  556  560  562  564  565  566  568
  571  574  576  578  581  582  584  586  587  589  593  594  596  597
  602  603  604  605  607  609  613  616  617  619  621  625  626  628
  629  631  634  641  642  644  650  651  659  662  663  664  666  668
  670  674  676  677  678  679  682  685  695  697  698  699  700  702
  703  705  707  708  716  718  720  721  723  725  726  727  728  735
  738  740  743  744  751  752  755  756  759  761  764  768  769  770
  771  774  776  778  779  780  782  783  788  790  791  792  797  799
  800  801  804  806  807  810  811  814  817  819  820  821  823  826
  828  837  839  840  844  853  854  855  856  859  861  862  863  865
  866  868  871  872  874  875  876  877  879  880  881  885  887  888
  891  892  893  894  895  896  898  899  900  901  902  903  906  910
  911  913  914  916  917  918  922  925  930  931  932  934  937  941
  942  943  944  947  952  954  956  958  959  960  961  963  964  965
  966  967  968  969  974  975  977  978  980  981  983  986  988  989
  993  996  998 1000 1002 1003 1004 1005 1006 1008 1011 1014 1016 1017
 1019 1022 1023 1026 1028 1029 1030 1031 1032 1033 1034 1036 1037 1039
 1040 1041 1043 1046 1049 1050 1053 1055 1057 1059 1060 1062 1063 1064
 1065 1066 1068 1070 1071 1073 1076 1077 1079 1084 1085 1089 1092 1097
 1099 1100 1101 1102 1105 1107 1109 1111 1112 1113 1114 1115 1116 1118
 1119 1120 1121 1122 1123 1124 1125 1127 1128 1129 1130 1132 1134 1135
 1136 1137 1141 1144 1148 1150 1151 1152 1153 1155 1156 1157 1158 1161
 1164 1166 1168 1169 1170 1171 1173 1175 1176 1180 1181 1182 1185 1187
 1188 1189 1190 1193 1195 1199 1200 1202 1203 1204 1205 1206 1209 1210
 1212 1213 1214 1216 1217 1218 1219 1220 1221 1223 1224 1225 1226 1228
 1229 1230 1234 1237 1238 1240 1241 1243 1244 1247 1250 1251 1253 1257
 1258 1262 1267 1272 1276 1277 1282 1286 1287 1288 1289 1290 1295 1297
 1299 1300 1301 1302 1305 1309 1311 1314 1320 1321 1323 1324 1325 1326
 1328 1334 1335 1336 1341 1343 1345 1346 1347 1351 1352 1353 1354 1358
 1361 1362 1364 1365 1367 1373 1375 1378 1379 1380 1382 1383 1384 1386
 1390 1392 1397 1400 1402 1403 1404 1405 1409 1410 1411 1412 1418 1419
 1420 1426 1429 1430 1431 1432 1433 1434 1435 1437 1442 1446 1447 1448
 1450 1451 1453 1455 1456 1458 1459 1463 1466 1467 1470 1471 1473 1476
 1478 1479 1481 1482 1483 1484 1486 1487 1491 1492 1493 1494 1495 1496
 1498 1501 1503 1505 1506 1507 1508 1509 1510 1512 1513 1516 1522 1526
 1527 1531 1534 1538 1539 1540 1543 1544 1547 1548 1549 1550 1553 1554
 1560 1561 1562 1563 1566 1567 1568 1570 1575 1576 1577 1578 1579 1580
 1585 1586 1587 1589 1590 1591 1592 1593 1594 1595 1597 1600 1602 1604
 1605 1607 1608 1609 1611 1612 1613 1615 1616 1617 1623 1625 1626 1627
 1629 1630 1634 1635 1637 1639 1643 1647 1648 1649 1651 1652 1653 1655
 1656 1660 1662 1666 1670 1671 1672 1673 1674 1676 1680 1681 1683 1684
 1685 1686 1690 1692 1694 1700 1701 1704 1705 1707 1712 1713 1715 1717
 1718 1721 1723 1724 1727 1728 1731 1736 1737 1738 1739 1740 1741 1742
 1744 1746 1748 1754 1757 1763 1765 1767 1768 1771 1772 1774 1775 1776
 1777 1778 1780 1781 1783 1786 1788 1791 1793 1794 1795 1796 1797 1798
 1800 1801 1802 1805 1807 1808 1810 1812 1815 1817 1818 1822 1824 1828
 1829 1832 1833 1834 1835 1837 1838 1840 1841 1842 1845 1847 1848 1853
 1854 1856 1858 1859 1860 1861 1862 1865 1866 1867 1869 1871 1874 1877
 1878 1880 1881 1882 1883 1884 1885 1887 1890 1891 1892 1893 1894 1896
 1897 1898 1901 1903 1907 1909 1913 1914 1916 1922 1924 1925 1929 1930
 1931 1934 1938 1940 1946 1947 1948 1951 1952 1955 1956 1958 1959 1960
 1964 1966 1971 1973 1974 1975 1977 1979 1982 1983 1984 1985 1986 1994
 1997 1999]
ind_sent_dec: [   0    2    4 ... 1995 1996 1998]
Warning: has_0_short is empty.
Error: get_original_indexing_x is empty.
ind_has_0_xpz1_s: 0
XP_Z1_alice_s: [  26   47   51   92  125  193  195  295  376  436  488  532  664  699
  780  791  800  876  881  888  895  902  931  965  975 1033 1071 1085
 1123 1158 1204 1206 1219 1224 1226 1251 1301 1321 1335 1352 1362 1420
 1431 1435 1483 1496 1539 1568 1580 1587 1593 1609 1613 1630 1653 1671
 1740 1772 1867 1882 1948 1959 1975], shape: (63,)
ind_has_0_z0xp_s: 0
Z0_XP_alice_s: [  39   70  114  119  143  149  174  192  215  228  230  298  417  511
  514  541  587  605  626  663  677  708  744  769  807  840  875  894
  917  960 1005 1029 1066 1116 1119 1122 1152 1182 1188 1218 1300 1347
 1419 1506 1544 1554 1567 1586 1592 1608 1649 1701 1739 1795 1859 1862
 1866 1893 1914], shape: (59,)
ind_has_0_xpz1_d: 0
XP_Z1_alice_d: [  58  135  183  242  249  256  259  287  291  316  350  355  383  408
  440  457  476  478  484  492  497  534  554  558  633  636  654  688
  713  749  758  767  796  830  832  847  851  936  940  949  973  995
 1179 1197 1233 1275 1313 1399 1444 1462 1500 1529 1533 1536 1542 1559
 1565 1583 1659 1688 1696 1710 1826 1844 1876 1912 1943 1993 1996], shape: (69,)
ind_has_0_z0xp_d: 0
Z0_XP_alice_d: [  11   18   33  116  209  222  232  248  273  301  307  341  358  367
  402  413  459  465  482  547  601  615  653  673  694  732  803  843
  849  921 1010 1081 1083 1178 1261 1281 1304 1308 1331 1370 1407 1415
 1417 1490 1520 1633 1668 1760 1790 1804 1850 1889 1906 1928 1942 1992], shape: (56,)
X_P_calc_dec:0.0
X_P_calc_non_dec:0.0
len_wrong_x_dec: 0, len_wrong_x_non_dec: 0, len_wrong_z_dec: 1, len_wrong_z_non_dec: 1
len_Z_checked_dec: 1, len_Z_checked_non_dec: 1
X_P_calc_non_dec: 0.0, X_P_calc_dec: 0.0
Execution time for simulation: 79.986755610 seconds for 2000 samples
