[Before everything] Memory used: 142.41 MB
Base path: C:\Users\leavi\OneDrive\Dokumente\Uni\Semester 7\NeuMoQP\Programm\code
Configuration saved to C:\Users\leavi\OneDrive\Dokumente\Uni\Semester 7\NeuMoQP\Programm\logs\simulation_config_20250429_002701.json
Execution time for reading: 0.026973724 seconds for 10000 samples
Error: The difference between non_signal_voltage and voltage is not 1
seed: 580577
T1_dampening at initialize end: 19.583478569984436
voltage at initialize end: 0.2
Voltage_decoy at initialize end: -0.9371927827596664
Voltage_decoy_sup at initialize end: -1.0828420013189317
Voltage_sup at initialize end: -0.2262082129716873
random_laser, fixed: None, times: [2.70768097 6.73670514 3.9427498  0.63187421 5.06782502 6.95117158
 3.43835715 7.47234336 9.56611939 0.51933489]
[before simulating signal: 2.176] Memory used: 143.71 MB
[before eam: 32.872] Memory used: 1223.26 MB
[before fiber: 37.752] Memory used: 1223.27 MB
[before detector z: 37.872] Memory used: 1223.27 MB
[in choose photon after pre-allocate arrays] Memory used: 1223.30 MB
[after choose: 38.53736972808838] Memory used: 1223.30 MB
[before detection time:38.53774619102478] Memory used: 1223.30 MB
[before jitter detector: 38.54045081138611] Memory used: 1223.32 MB
[before darkcount: 38.540635108947754] Memory used: 1223.32 MB
total darkcounts: 0
[before DLI: 38.664] Memory used: 1224.12 MB
f_0: 193308632997201.0, i: 0, batchsize: 1000, peak_wavelength[i]: 1.5508487818251802e-06
f_0: 193308629153309.66, i: 1000, batchsize: 1000, peak_wavelength[i]: 1.5508488126634012e-06
f_0: 193308707403420.22, i: 2000, batchsize: 1000, peak_wavelength[i]: 1.5508481848898637e-06
f_0: 193308660666023.94, i: 3000, batchsize: 1000, peak_wavelength[i]: 1.550848559847747e-06
f_0: 193308800302092.47, i: 4000, batchsize: 1000, peak_wavelength[i]: 1.5508474395966488e-06
f_0: 193308713472914.94, i: 5000, batchsize: 1000, peak_wavelength[i]: 1.5508481361964307e-06
f_0: 193308795972966.62, i: 6000, batchsize: 1000, peak_wavelength[i]: 1.5508474743276797e-06
f_0: 193308771117263.94, i: 7000, batchsize: 1000, peak_wavelength[i]: 1.5508476737361363e-06
f_0: 193308701141000.1, i: 8000, batchsize: 1000, peak_wavelength[i]: 1.5508482351310728e-06
f_0: 193308735422453.75, i: 9000, batchsize: 1000, peak_wavelength[i]: 1.5508479601029848e-06
[before detector x: 537.0034530162811] Memory used: 164.20 MB
[in choose photon after pre-allocate arrays] Memory used: 586.70 MB
[after choose: 539.0279142856598] Memory used: 586.82 MB
[before detection time:539.0284490585327] Memory used: 586.82 MB
[before jitter detector: 539.0303401947021] Memory used: 586.87 MB
[before darkcount: 539.030734539032] Memory used: 586.88 MB
total darkcounts: 0
len(get_original_indexing_z): 168
len(get_original_indexing_x): 10
Z_0_alice: [   1    2    7    8   19   30   35   39   45   46   50   58   60   63
   64   67   73   94   95   98  100  107  110  111  118  122  124  126
  127  129  131  138  140  143  146  148  152  153  160  168  171  172
  178  186  187  189  197  198  203  207  212  217  219  220  221  225
  227  230  232  234  236  237  242  249  254  262  264  265  270  274
  275  279  287  288  292  294  296  299  300  302  304  308  311  318
  321  325  328  331  334  340  345  346  348  353  364  367  370  379
  386  387  396  401  412  415  418  419  422  424  429  432  435  439
  445  450  452  454  461  463  465  470  473  477  484  487  501  504
  506  507  509  512  514  516  520  521  523  529  535  536  542  547
  548  549  552  553  555  557  560  561  562  565  570  571  576  578
  586  587  598  612  615  622  625  627  633  637  641  647  648  654
  657  659  660  661  663  664  665  667  670  672  674  675  679  680
  682  683  695  696  698  699  710  716  718  720  722  724  732  743
  744  745  747  750  760  765  768  769  771  777  782  784  787  792
  798  799  800  807  814  815  819  829  830  831  836  838  842  845
  846  848  853  855  861  863  870  873  876  878  882  884  888  900
  902  903  914  916  917  926  928  933  941  949  952  955  960  962
  965  967  973  974  975  976  978  982  983  986  990  991  992 1003
 1004 1005 1012 1024 1031 1034 1035 1038 1040 1042 1044 1045 1047 1048
 1053 1060 1083 1084 1086 1090 1095 1096 1105 1116 1117 1118 1120 1122
 1126 1127 1132 1146 1147 1151 1154 1158 1159 1176 1177 1183 1188 1189
 1191 1193 1195 1200 1201 1204 1205 1207 1208 1211 1213 1221 1227 1231
 1233 1235 1237 1239 1243 1248 1251 1253 1254 1255 1256 1261 1262 1272
 1273 1275 1282 1283 1285 1290 1291 1296 1297 1298 1299 1301 1304 1307
 1317 1319 1325 1332 1334 1336 1344 1356 1358 1362 1363 1365 1379 1382
 1384 1385 1386 1390 1393 1395 1400 1402 1412 1416 1418 1419 1420 1428
 1438 1439 1441 1444 1460 1462 1465 1468 1473 1477 1480 1483 1488 1493
 1502 1509 1511 1528 1531 1533 1535 1536 1537 1541 1549 1561 1563 1572
 1574 1580 1583 1584 1588 1592 1594 1595 1609 1619 1620 1624 1625 1626
 1628 1632 1637 1640 1643 1644 1653 1654 1657 1670 1676 1682 1688 1691
 1697 1698 1699 1703 1709 1710 1714 1716 1719 1721 1723 1724 1727 1728
 1730 1738 1739 1747 1749 1750 1752 1763 1764 1767 1770 1775 1790 1791
 1801 1803 1811 1812 1813 1815 1816 1819 1822 1828 1831 1833 1841 1842
 1851 1858 1860 1862 1866 1869 1874 1875 1878 1880 1887 1894 1895 1898
 1909 1914 1915 1919 1920 1926 1930 1934 1935 1938 1941 1943 1947 1949
 1950 1955 1956 1957 1959 1960 1963 1968 1972 1973 1983 1985 1989 1992
 1995 1997 1998 2000 2007 2008 2010 2011 2017 2021 2024 2025 2037 2040
 2042 2043 2049 2059 2063 2065 2066 2076 2079 2084 2088 2090 2095 2099
 2114 2117 2120 2122 2130 2133 2134 2141 2144 2146 2151 2159 2161 2168
 2170 2175 2178 2180 2182 2183 2186 2189 2193 2196 2197 2211 2218 2230
 2232 2237 2239 2243 2255 2256 2262 2264 2266 2267 2269 2272 2275 2276
 2278 2279 2280 2284 2285 2287 2289 2311 2317 2322 2325 2326 2327 2336
 2337 2339 2341 2343 2356 2360 2362 2367 2370 2372 2373 2376 2377 2378
 2381 2382 2384 2385 2386 2389 2397 2410 2411 2420 2421 2423 2431 2437
 2440 2442 2449 2450 2460 2462 2464 2465 2466 2477 2478 2480 2484 2485
 2487 2490 2494 2495 2500 2506 2510 2527 2528 2535 2543 2544 2547 2550
 2554 2555 2559 2562 2563 2573 2584 2588 2592 2595 2597 2603 2604 2609
 2622 2623 2626 2634 2636 2638 2648 2649 2652 2653 2654 2655 2656 2663
 2665 2677 2682 2683 2684 2686 2688 2694 2697 2704 2706 2724 2725 2729
 2731 2737 2740 2746 2760 2765 2769 2778 2799 2800 2806 2807 2811 2815
 2817 2818 2820 2824 2827 2830 2835 2838 2844 2846 2849 2852 2857 2864
 2866 2867 2868 2869 2870 2872 2874 2881 2882 2884 2885 2892 2894 2896
 2897 2909 2915 2921 2924 2925 2928 2929 2930 2932 2935 2938 2942 2945
 2958 2959 2967 2968 2969 2972 2977 2982 2984 2987 2992 2993 2995 2996
 2998 2999 3003 3004 3006 3012 3014 3016 3029 3032 3042 3051 3053 3054
 3057 3060 3066 3074 3078 3085 3089 3090 3093 3095 3101 3102 3108 3114
 3124 3125 3131 3136 3147 3149 3150 3151 3152 3155 3156 3158 3161 3164
 3166 3168 3172 3177 3189 3191 3192 3209 3212 3214 3221 3224 3229 3230
 3233 3234 3241 3244 3245 3246 3250 3258 3263 3265 3267 3272 3275 3276
 3277 3279 3282 3290 3294 3296 3301 3303 3305 3314 3316 3323 3332 3335
 3338 3340 3357 3358 3363 3367 3374 3375 3379 3383 3387 3389 3392 3394
 3396 3397 3398 3403 3405 3414 3423 3430 3431 3434 3435 3440 3444 3447
 3449 3451 3453 3458 3460 3465 3476 3482 3487 3492 3495 3502 3509 3516
 3520 3522 3524 3526 3529 3531 3542 3545 3549 3550 3551 3553 3554 3574
 3576 3579 3585 3588 3590 3595 3597 3598 3600 3604 3609 3610 3616 3621
 3634 3644 3645 3646 3647 3650 3654 3655 3659 3663 3667 3672 3679 3680
 3684 3697 3698 3703 3705 3706 3708 3710 3714 3721 3722 3727 3728 3730
 3731 3739 3748 3749 3758 3763 3766 3769 3770 3772 3773 3780 3784 3785
 3786 3791 3792 3799 3800 3807 3812 3815 3817 3825 3827 3828 3838 3842
 3843 3848 3857 3863 3864 3867 3874 3889 3891 3894 3897 3903 3905 3923
 3932 3936 3937 3938 3940 3942 3946 3956 3962 3964 3967 3977 3981 3982
 3983 3985 3987 3991 3994 3995 3997 4019 4022 4026 4028 4030 4031 4038
 4043 4044 4046 4053 4062 4063 4064 4068 4074 4075 4079 4084 4094 4107
 4114 4122 4123 4125 4132 4135 4148 4150 4153 4155 4159 4160 4161 4163
 4169 4171 4173 4174 4175 4178 4184 4192 4196 4203 4204 4210 4211 4212
 4215 4221 4222 4226 4230 4231 4238 4240 4248 4254 4266 4274 4276 4278
 4281 4283 4285 4292 4294 4303 4308 4315 4316 4320 4324 4327 4330 4331
 4340 4341 4343 4347 4348 4351 4367 4372 4375 4379 4386 4391 4394 4395
 4408 4409 4410 4414 4423 4424 4425 4427 4428 4430 4433 4434 4440 4442
 4445 4449 4450 4455 4457 4459 4461 4467 4469 4471 4476 4478 4479 4485
 4487 4490 4494 4500 4504 4508 4513 4523 4524 4534 4541 4546 4547 4553
 4556 4558 4563 4566 4573 4577 4578 4583 4587 4593 4597 4602 4603 4612
 4615 4622 4627 4630 4638 4640 4665 4672 4677 4679 4682 4685 4697 4701
 4702 4703 4706 4707 4708 4710 4711 4729 4742 4748 4752 4755 4761 4765
 4770 4777 4782 4783 4786 4788 4790 4794 4800 4802 4803 4808 4815 4818
 4824 4825 4836 4841 4851 4855 4857 4859 4860 4863 4864 4865 4876 4877
 4878 4888 4891 4909 4911 4912 4918 4919 4931 4932 4934 4940 4944 4949
 4950 4956 4957 4959 4967 4973 4979 4985 4994 4998 5001 5006 5008 5015
 5020 5021 5023 5025 5029 5030 5031 5034 5035 5042 5043 5048 5060 5065
 5074 5077 5079 5090 5092 5097 5100 5117 5118 5121 5122 5123 5124 5132
 5133 5139 5143 5147 5152 5153 5154 5155 5165 5166 5172 5173 5177 5183
 5187 5193 5207 5214 5215 5219 5222 5224 5227 5228 5232 5239 5240 5247
 5256 5265 5268 5269 5270 5272 5278 5279 5280 5285 5295 5303 5310 5313
 5316 5320 5321 5325 5328 5329 5333 5334 5337 5340 5342 5346 5347 5350
 5354 5358 5361 5362 5366 5369 5371 5376 5377 5378 5379 5380 5385 5390
 5404 5411 5414 5415 5418 5423 5424 5426 5428 5432 5434 5435 5437 5450
 5452 5464 5465 5467 5468 5486 5492 5497 5498 5499 5503 5504 5519 5520
 5525 5528 5537 5538 5545 5548 5551 5553 5555 5557 5560 5561 5566 5567
 5573 5574 5575 5595 5607 5614 5617 5619 5628 5632 5636 5644 5649 5655
 5658 5660 5661 5669 5673 5677 5683 5685 5692 5693 5695 5696 5708 5710
 5717 5723 5725 5727 5730 5733 5738 5745 5751 5752 5753 5754 5755 5758
 5762 5763 5767 5768 5770 5779 5783 5787 5789 5798 5801 5803 5804 5814
 5817 5818 5819 5826 5830 5832 5834 5840 5850 5856 5858 5872 5873 5891
 5892 5893 5894 5901 5902 5907 5910 5913 5916 5925 5931 5932 5933 5941
 5944 5948 5957 5963 5968 5973 5977 5979 5980 5990 5991 5996 6001 6008
 6011 6016 6021 6022 6024 6025 6026 6027 6030 6035 6037 6046 6054 6062
 6063 6066 6070 6081 6082 6090 6096 6098 6100 6101 6104 6105 6113 6120
 6121 6123 6124 6127 6130 6132 6134 6142 6143 6144 6145 6150 6155 6158
 6160 6170 6175 6176 6177 6178 6179 6183 6186 6197 6199 6207 6208 6211
 6214 6215 6216 6218 6220 6221 6222 6225 6227 6233 6237 6241 6244 6246
 6249 6251 6261 6264 6265 6267 6269 6271 6273 6277 6278 6279 6281 6288
 6289 6292 6298 6300 6304 6310 6312 6331 6332 6335 6350 6351 6352 6353
 6355 6359 6364 6374 6378 6379 6383 6386 6387 6389 6391 6401 6402 6406
 6410 6411 6416 6418 6419 6423 6432 6438 6441 6443 6444 6461 6462 6464
 6467 6470 6472 6473 6476 6478 6483 6486 6488 6490 6492 6496 6497 6499
 6502 6511 6515 6516 6518 6519 6538 6547 6550 6554 6555 6558 6563 6566
 6569 6570 6576 6577 6582 6590 6598 6601 6602 6604 6615 6617 6627 6631
 6633 6635 6645 6646 6652 6655 6657 6661 6664 6671 6680 6686 6689 6695
 6696 6697 6700 6703 6708 6710 6711 6716 6720 6721 6724 6734 6739 6752
 6760 6761 6762 6764 6770 6771 6780 6781 6782 6784 6798 6800 6808 6809
 6812 6814 6819 6820 6822 6826 6839 6844 6847 6849 6854 6855 6857 6861
 6866 6868 6869 6878 6884 6888 6889 6892 6896 6905 6908 6919 6920 6923
 6926 6927 6929 6930 6932 6933 6942 6943 6947 6951 6952 6955 6957 6959
 6963 6964 6965 6968 6969 6979 6981 6982 6991 6996 7014 7015 7016 7021
 7022 7025 7026 7028 7029 7042 7050 7051 7054 7056 7058 7059 7066 7073
 7074 7075 7076 7083 7089 7090 7101 7102 7103 7107 7108 7111 7115 7116
 7118 7119 7122 7123 7132 7134 7146 7147 7152 7158 7161 7172 7183 7187
 7189 7194 7196 7204 7221 7225 7232 7233 7239 7240 7242 7245 7246 7247
 7252 7254 7256 7257 7260 7262 7267 7268 7269 7271 7275 7277 7278 7282
 7283 7286 7287 7291 7294 7296 7297 7298 7307 7308 7310 7312 7313 7315
 7321 7322 7323 7327 7329 7334 7346 7347 7348 7355 7363 7365 7366 7367
 7369 7371 7373 7378 7382 7383 7384 7389 7390 7403 7409 7419 7424 7426
 7432 7434 7438 7444 7448 7456 7458 7460 7463 7465 7469 7472 7475 7481
 7486 7493 7494 7497 7498 7500 7503 7504 7506 7510 7514 7516 7519 7520
 7521 7525 7531 7545 7547 7550 7555 7556 7558 7562 7565 7569 7574 7577
 7589 7594 7598 7611 7616 7618 7619 7622 7626 7628 7629 7630 7639 7642
 7650 7652 7663 7674 7676 7679 7683 7686 7689 7695 7706 7707 7708 7711
 7714 7717 7719 7720 7722 7726 7727 7728 7732 7745 7750 7755 7759 7762
 7763 7765 7767 7774 7776 7780 7789 7800 7812 7829 7834 7837 7838 7841
 7843 7853 7854 7856 7857 7860 7867 7868 7869 7870 7879 7880 7881 7888
 7891 7895 7900 7903 7904 7910 7914 7917 7918 7920 7929 7931 7938 7940
 7960 7970 7971 7974 7975 7977 7978 7980 7984 7990 7991 7994 7999 8005
 8007 8028 8029 8030 8034 8038 8041 8043 8047 8050 8055 8062 8063 8072
 8074 8077 8079 8084 8088 8089 8097 8101 8107 8109 8112 8117 8119 8120
 8122 8124 8126 8127 8133 8135 8136 8138 8139 8140 8141 8151 8153 8159
 8164 8168 8171 8188 8195 8198 8202 8209 8212 8222 8223 8224 8233 8249
 8252 8259 8260 8265 8266 8271 8281 8282 8284 8285 8290 8293 8295 8296
 8297 8308 8312 8315 8317 8319 8333 8336 8341 8342 8344 8348 8358 8359
 8362 8368 8376 8379 8382 8384 8389 8399 8402 8404 8405 8406 8407 8410
 8413 8418 8423 8424 8428 8432 8444 8445 8446 8447 8448 8453 8460 8468
 8469 8480 8483 8484 8486 8492 8493 8499 8501 8510 8516 8517 8525 8527
 8533 8534 8537 8544 8545 8548 8549 8550 8552 8556 8560 8561 8572 8579
 8582 8584 8586 8587 8595 8601 8603 8605 8607 8609 8613 8618 8625 8627
 8629 8634 8643 8646 8647 8654 8658 8661 8664 8666 8669 8674 8690 8694
 8703 8709 8713 8721 8723 8725 8726 8728 8734 8739 8740 8743 8746 8747
 8748 8766 8767 8768 8770 8774 8775 8776 8777 8781 8788 8789 8790 8792
 8794 8802 8803 8804 8805 8809 8813 8822 8833 8839 8840 8849 8851 8852
 8853 8858 8865 8870 8873 8875 8876 8882 8884 8887 8894 8901 8904 8905
 8909 8911 8915 8917 8920 8922 8930 8932 8933 8935 8941 8948 8949 8953
 8959 8960 8965 8975 8985 8986 8989 8994 8995 9003 9005 9006 9007 9011
 9016 9017 9020 9027 9031 9045 9050 9056 9058 9060 9063 9065 9067 9069
 9071 9072 9077 9087 9088 9092 9099 9102 9103 9107 9108 9110 9116 9123
 9124 9125 9126 9130 9132 9134 9137 9141 9147 9148 9153 9155 9168 9170
 9172 9175 9177 9179 9185 9191 9197 9199 9202 9206 9207 9211 9213 9215
 9218 9219 9227 9228 9232 9235 9237 9240 9242 9246 9247 9249 9250 9252
 9253 9257 9263 9266 9268 9272 9274 9281 9282 9287 9290 9294 9299 9302
 9304 9306 9307 9310 9312 9316 9318 9322 9323 9326 9329 9336 9338 9339
 9348 9356 9362 9369 9377 9388 9392 9393 9401 9403 9411 9417 9418 9424
 9427 9429 9431 9433 9434 9440 9443 9446 9450 9451 9459 9464 9466 9469
 9471 9474 9478 9484 9485 9494 9496 9500 9504 9507 9509 9516 9517 9521
 9522 9523 9524 9525 9533 9534 9540 9543 9545 9549 9550 9561 9567 9576
 9579 9580 9590 9592 9594 9600 9602 9604 9608 9609 9614 9617 9619 9624
 9627 9632 9635 9637 9648 9650 9652 9653 9654 9659 9667 9668 9671 9675
 9676 9677 9679 9685 9688 9695 9707 9711 9712 9716 9720 9726 9727 9737
 9740 9742 9743 9744 9748 9750 9751 9752 9755 9759 9760 9762 9763 9772
 9775 9776 9784 9789 9792 9796 9797 9807 9808 9814 9817 9826 9830 9840
 9847 9849 9850 9853 9855 9856 9869 9874 9876 9878 9879 9882 9885 9892
 9893 9898 9901 9902 9908 9912 9920 9930 9943 9944 9945 9954 9962 9964
 9970 9972 9988 9999]
Z_1_alice: [   3    4   14   15   16   22   24   25   28   29   33   36   37   40
   44   48   53   54   56   59   71   76   84   87   88   90   91   93
   96  109  112  114  120  121  128  132  136  137  141  142  144  145
  156  158  161  164  165  166  167  170  173  174  175  179  181  182
  184  185  190  191  194  196  199  200  210  214  222  226  233  235
  244  245  257  260  261  263  267  269  272  273  277  280  298  305
  306  315  319  322  323  326  332  333  336  337  339  342  351  352
  357  360  361  362  369  372  377  382  383  393  405  407  417  421
  425  430  431  434  436  437  441  443  446  448  451  453  455  456
  468  469  479  483  511  527  531  532  533  537  538  540  543  554
  558  559  568  575  580  582  583  588  592  593  595  596  597  600
  602  605  607  616  618  621  629  632  634  646  649  653  658  662
  666  668  676  677  685  687  689  691  693  694  708  711  714  715
  719  721  726  730  735  738  739  748  752  761  763  767  770  778
  780  781  783  791  794  797  802  803  804  806  809  812  820  822
  828  834  840  843  844  852  857  859  862  864  867  868  872  881
  890  892  893  895  899  910  918  924  925  927  932  936  937  947
  953  957  958  963  966  968  979  987  988  998 1001 1009 1011 1013
 1022 1027 1037 1041 1059 1061 1063 1066 1070 1079 1080 1087 1091 1092
 1093 1100 1107 1109 1110 1111 1112 1113 1114 1119 1142 1143 1145 1150
 1152 1155 1157 1160 1161 1168 1169 1170 1173 1184 1185 1186 1190 1192
 1194 1203 1209 1212 1214 1220 1225 1226 1228 1230 1234 1240 1241 1242
 1246 1259 1263 1264 1268 1271 1276 1277 1278 1281 1287 1292 1293 1294
 1312 1314 1316 1318 1321 1328 1330 1333 1337 1338 1345 1347 1364 1366
 1367 1369 1370 1371 1372 1373 1374 1375 1377 1387 1392 1398 1401 1403
 1407 1431 1434 1435 1436 1440 1443 1447 1451 1455 1456 1457 1458 1459
 1461 1463 1464 1467 1474 1475 1479 1482 1489 1490 1499 1504 1505 1506
 1507 1508 1513 1519 1524 1525 1540 1547 1550 1552 1556 1558 1564 1565
 1566 1567 1569 1570 1576 1591 1597 1603 1604 1605 1606 1615 1621 1623
 1627 1635 1645 1646 1647 1648 1649 1650 1651 1652 1655 1661 1665 1666
 1673 1674 1677 1679 1683 1685 1686 1694 1706 1707 1718 1729 1734 1735
 1737 1742 1748 1757 1759 1760 1768 1769 1771 1778 1784 1786 1788 1798
 1804 1807 1809 1814 1826 1829 1832 1834 1843 1846 1847 1849 1853 1857
 1859 1863 1865 1868 1870 1873 1884 1888 1890 1892 1893 1897 1899 1903
 1905 1910 1912 1916 1918 1927 1928 1944 1945 1946 1948 1954 1964 1979
 1981 1991 1993 1994 1999 2003 2004 2016 2022 2026 2033 2035 2038 2044
 2047 2048 2053 2056 2061 2075 2077 2083 2085 2086 2091 2097 2100 2102
 2106 2109 2111 2113 2115 2116 2118 2124 2126 2129 2135 2136 2137 2138
 2140 2145 2150 2152 2153 2162 2165 2167 2173 2174 2177 2179 2187 2202
 2210 2215 2217 2219 2220 2226 2227 2231 2233 2242 2244 2250 2260 2261
 2263 2273 2277 2286 2288 2290 2291 2294 2295 2297 2298 2300 2302 2307
 2308 2309 2310 2314 2315 2316 2318 2319 2323 2329 2330 2335 2342 2345
 2346 2348 2349 2351 2354 2361 2366 2380 2388 2390 2392 2394 2395 2399
 2407 2414 2416 2417 2422 2430 2435 2439 2443 2444 2447 2452 2454 2456
 2458 2471 2476 2489 2491 2511 2512 2513 2517 2520 2523 2534 2540 2548
 2549 2558 2568 2575 2579 2580 2583 2590 2593 2600 2601 2607 2608 2613
 2615 2619 2620 2624 2632 2633 2635 2637 2644 2647 2660 2669 2675 2676
 2680 2687 2690 2692 2702 2703 2707 2710 2711 2712 2719 2721 2733 2745
 2747 2748 2749 2754 2756 2762 2766 2768 2772 2782 2795 2797 2810 2819
 2829 2836 2837 2840 2842 2845 2853 2858 2859 2860 2861 2862 2863 2865
 2873 2876 2877 2880 2888 2890 2893 2899 2901 2904 2907 2908 2911 2912
 2914 2923 2934 2936 2940 2943 2944 2950 2952 2953 2954 2960 2964 2965
 2966 2971 2973 2975 2978 2979 2997 3009 3013 3015 3017 3018 3019 3021
 3022 3025 3028 3036 3037 3038 3041 3043 3046 3055 3063 3065 3069 3071
 3080 3083 3087 3097 3098 3100 3105 3107 3110 3111 3112 3115 3118 3119
 3120 3128 3141 3144 3145 3160 3163 3165 3173 3178 3182 3193 3196 3197
 3199 3201 3204 3205 3215 3216 3218 3226 3237 3240 3242 3247 3248 3254
 3264 3266 3268 3274 3293 3298 3299 3308 3310 3311 3315 3318 3320 3328
 3329 3331 3343 3344 3349 3353 3354 3356 3364 3369 3373 3377 3378 3380
 3382 3388 3393 3400 3411 3413 3416 3418 3419 3422 3427 3428 3437 3439
 3446 3452 3464 3466 3467 3468 3472 3473 3474 3478 3484 3485 3494 3498
 3500 3501 3506 3508 3510 3512 3514 3517 3519 3521 3523 3530 3533 3536
 3537 3538 3540 3543 3544 3546 3548 3556 3557 3565 3567 3568 3570 3575
 3577 3578 3582 3583 3587 3596 3606 3607 3611 3613 3623 3627 3632 3653
 3660 3664 3668 3673 3676 3686 3692 3694 3695 3696 3700 3701 3702 3707
 3712 3715 3719 3725 3726 3729 3732 3735 3736 3742 3743 3744 3745 3747
 3753 3754 3756 3765 3768 3774 3781 3787 3789 3794 3795 3808 3818 3819
 3822 3830 3831 3834 3835 3839 3840 3841 3846 3850 3853 3854 3861 3875
 3879 3883 3888 3892 3893 3896 3902 3904 3908 3910 3912 3913 3914 3915
 3919 3920 3921 3924 3928 3945 3947 3951 3953 3955 3957 3959 3963 3973
 3976 3986 3989 3992 4001 4004 4009 4010 4012 4014 4015 4016 4018 4023
 4024 4027 4039 4045 4047 4048 4049 4052 4057 4065 4067 4071 4072 4083
 4085 4086 4088 4095 4098 4099 4102 4105 4111 4118 4119 4126 4127 4128
 4129 4131 4139 4141 4144 4145 4146 4149 4152 4156 4170 4177 4181 4186
 4190 4194 4195 4198 4199 4201 4207 4208 4209 4214 4217 4223 4225 4235
 4239 4243 4244 4245 4246 4259 4260 4262 4269 4270 4271 4273 4280 4286
 4293 4295 4297 4300 4312 4317 4319 4322 4323 4329 4334 4338 4344 4355
 4362 4365 4366 4371 4373 4377 4381 4382 4383 4387 4388 4397 4402 4405
 4413 4416 4418 4421 4426 4429 4432 4443 4447 4458 4464 4472 4473 4480
 4481 4486 4491 4493 4497 4505 4507 4519 4521 4522 4525 4527 4528 4531
 4532 4537 4539 4545 4548 4549 4550 4561 4565 4568 4569 4570 4571 4575
 4576 4584 4589 4590 4592 4595 4605 4606 4607 4609 4613 4614 4618 4619
 4624 4629 4632 4646 4649 4654 4657 4658 4666 4668 4670 4673 4674 4675
 4678 4689 4691 4693 4695 4699 4705 4714 4717 4725 4730 4731 4738 4741
 4743 4745 4746 4749 4751 4756 4758 4764 4773 4775 4778 4780 4785 4787
 4792 4796 4799 4801 4806 4812 4813 4816 4827 4830 4832 4839 4850 4852
 4854 4858 4866 4868 4874 4880 4881 4884 4885 4886 4892 4894 4902 4904
 4907 4910 4917 4921 4922 4924 4925 4926 4928 4930 4933 4935 4937 4939
 4941 4942 4951 4952 4955 4965 4966 4969 4977 4978 4982 4986 4989 4990
 4991 4992 4993 5022 5037 5038 5046 5053 5057 5059 5061 5062 5064 5076
 5080 5082 5083 5086 5088 5091 5093 5095 5099 5102 5103 5105 5107 5111
 5113 5116 5120 5126 5130 5131 5141 5142 5156 5161 5162 5163 5164 5174
 5178 5182 5186 5188 5189 5190 5194 5198 5199 5200 5201 5203 5205 5206
 5212 5213 5230 5242 5243 5244 5249 5250 5254 5261 5266 5274 5277 5281
 5286 5288 5289 5290 5292 5293 5297 5300 5306 5307 5312 5327 5331 5335
 5336 5341 5343 5351 5353 5356 5357 5365 5367 5373 5382 5393 5395 5397
 5398 5401 5402 5403 5405 5408 5409 5420 5421 5425 5431 5436 5443 5444
 5456 5459 5463 5469 5478 5479 5480 5485 5488 5490 5491 5496 5500 5501
 5508 5509 5513 5526 5527 5542 5544 5552 5554 5558 5559 5568 5570 5571
 5576 5577 5579 5580 5582 5583 5584 5593 5594 5601 5606 5609 5610 5611
 5612 5613 5615 5616 5620 5622 5630 5633 5638 5640 5641 5642 5645 5647
 5648 5652 5653 5659 5662 5664 5665 5670 5671 5678 5680 5684 5688 5689
 5690 5694 5697 5700 5701 5702 5703 5704 5711 5714 5716 5720 5721 5732
 5737 5743 5747 5756 5759 5760 5769 5772 5773 5776 5785 5788 5790 5799
 5807 5808 5816 5820 5821 5823 5824 5828 5836 5839 5844 5847 5853 5859
 5861 5862 5868 5870 5875 5876 5880 5881 5882 5884 5887 5888 5899 5909
 5918 5921 5929 5934 5937 5939 5949 5951 5955 5956 5959 5960 5966 5969
 5972 5974 5975 5976 5986 5987 5993 6004 6005 6006 6012 6013 6019 6028
 6029 6031 6032 6033 6038 6041 6045 6047 6051 6052 6061 6069 6072 6074
 6080 6083 6086 6092 6093 6095 6103 6106 6107 6110 6111 6112 6114 6116
 6122 6125 6126 6131 6133 6135 6139 6140 6152 6159 6172 6173 6174 6180
 6181 6182 6185 6187 6192 6193 6194 6196 6204 6206 6217 6224 6226 6230
 6247 6254 6258 6259 6275 6276 6283 6286 6302 6305 6309 6313 6319 6324
 6325 6327 6328 6329 6330 6337 6343 6347 6348 6349 6354 6356 6363 6367
 6376 6380 6381 6385 6390 6395 6396 6397 6398 6399 6400 6403 6407 6412
 6415 6417 6425 6428 6430 6431 6433 6436 6439 6442 6460 6463 6465 6469
 6477 6481 6482 6489 6504 6505 6507 6509 6510 6514 6520 6521 6522 6523
 6525 6526 6527 6531 6532 6534 6541 6543 6545 6546 6549 6553 6564 6567
 6571 6572 6573 6574 6579 6581 6583 6599 6603 6608 6609 6610 6619 6621
 6626 6628 6636 6641 6643 6654 6656 6658 6663 6668 6669 6673 6675 6676
 6678 6679 6690 6692 6698 6699 6705 6707 6709 6714 6718 6719 6727 6731
 6732 6736 6738 6741 6744 6745 6746 6750 6755 6756 6758 6765 6767 6768
 6769 6772 6774 6777 6778 6779 6789 6790 6804 6805 6806 6811 6815 6817
 6818 6831 6833 6840 6846 6848 6850 6852 6860 6863 6877 6879 6881 6882
 6883 6885 6886 6890 6894 6898 6900 6901 6911 6912 6916 6928 6931 6937
 6938 6939 6948 6949 6950 6954 6962 6967 6970 6975 6976 6977 6978 6980
 6983 6984 6985 6987 6992 6993 6999 7000 7001 7002 7004 7007 7010 7017
 7018 7019 7024 7032 7034 7038 7041 7044 7047 7048 7052 7053 7055 7061
 7069 7070 7071 7072 7078 7080 7082 7084 7085 7087 7088 7091 7092 7093
 7097 7109 7113 7114 7120 7125 7128 7135 7140 7142 7143 7149 7154 7159
 7160 7167 7170 7176 7178 7184 7186 7190 7195 7198 7200 7202 7209 7211
 7214 7215 7217 7223 7227 7243 7244 7251 7253 7258 7265 7289 7292 7304
 7314 7316 7319 7324 7328 7331 7337 7339 7343 7344 7345 7351 7353 7356
 7360 7361 7362 7364 7377 7380 7381 7388 7391 7393 7396 7399 7412 7413
 7417 7428 7429 7430 7436 7440 7442 7447 7452 7453 7457 7462 7464 7466
 7488 7489 7490 7491 7492 7495 7502 7507 7508 7513 7515 7526 7528 7532
 7533 7543 7544 7546 7549 7561 7563 7568 7578 7582 7583 7585 7586 7595
 7596 7601 7605 7608 7609 7615 7621 7623 7624 7631 7667 7678 7680 7681
 7684 7691 7703 7704 7705 7709 7710 7712 7713 7734 7735 7740 7743 7747
 7751 7752 7753 7757 7761 7769 7770 7775 7778 7781 7784 7786 7787 7788
 7790 7791 7795 7796 7798 7806 7808 7810 7813 7814 7826 7831 7835 7844
 7845 7851 7852 7858 7859 7865 7873 7875 7877 7884 7885 7887 7890 7898
 7901 7906 7908 7911 7915 7919 7928 7935 7942 7943 7944 7947 7948 7949
 7952 7959 7964 7979 7981 7983 7986 7988 7992 7995 7998 8009 8010 8017
 8019 8020 8021 8023 8026 8033 8035 8037 8049 8056 8057 8066 8070 8075
 8076 8078 8082 8083 8085 8087 8092 8096 8098 8103 8105 8106 8110 8111
 8118 8121 8125 8128 8129 8130 8134 8142 8149 8152 8162 8167 8174 8179
 8180 8183 8184 8185 8187 8189 8201 8203 8214 8216 8217 8218 8225 8231
 8232 8234 8238 8242 8245 8251 8253 8258 8261 8262 8268 8277 8279 8292
 8298 8301 8303 8304 8305 8306 8309 8310 8314 8321 8322 8326 8330 8335
 8340 8343 8345 8346 8347 8350 8352 8353 8355 8357 8361 8364 8365 8370
 8371 8377 8391 8393 8394 8395 8397 8401 8403 8409 8411 8415 8419 8422
 8426 8427 8429 8450 8456 8461 8462 8464 8467 8470 8474 8475 8479 8482
 8489 8491 8507 8512 8515 8519 8522 8535 8541 8543 8551 8563 8567 8573
 8577 8590 8596 8598 8599 8600 8606 8610 8611 8628 8630 8633 8636 8637
 8642 8644 8649 8653 8670 8671 8675 8677 8678 8679 8682 8684 8686 8687
 8691 8698 8701 8706 8708 8710 8712 8715 8717 8719 8722 8724 8730 8732
 8737 8741 8744 8750 8752 8754 8757 8759 8760 8772 8783 8784 8785 8795
 8807 8811 8815 8819 8820 8824 8828 8829 8830 8834 8837 8842 8843 8848
 8855 8859 8861 8862 8863 8866 8868 8871 8878 8880 8883 8888 8892 8899
 8907 8908 8912 8916 8921 8923 8926 8931 8938 8939 8942 8943 8944 8950
 8956 8966 8967 8968 8969 8972 8977 8990 8992 8998 8999 9002 9004 9015
 9018 9023 9025 9029 9032 9035 9036 9040 9044 9048 9052 9068 9074 9080
 9096 9104 9111 9112 9113 9127 9129 9133 9135 9138 9142 9144 9146 9149
 9150 9151 9156 9160 9176 9178 9180 9181 9182 9190 9194 9195 9201 9204
 9210 9212 9217 9225 9231 9233 9245 9248 9251 9254 9258 9261 9262 9264
 9265 9270 9271 9273 9275 9276 9278 9291 9296 9300 9303 9308 9309 9311
 9315 9320 9321 9324 9325 9330 9333 9334 9344 9345 9347 9349 9351 9354
 9360 9366 9367 9370 9371 9372 9374 9376 9379 9380 9385 9396 9398 9400
 9413 9416 9419 9423 9430 9436 9437 9438 9449 9453 9465 9470 9472 9473
 9477 9481 9488 9491 9495 9497 9498 9501 9508 9515 9527 9529 9536 9547
 9548 9552 9553 9555 9563 9581 9583 9584 9591 9593 9597 9613 9621 9626
 9630 9636 9638 9643 9644 9645 9651 9656 9660 9663 9665 9666 9669 9670
 9683 9689 9692 9694 9702 9705 9714 9715 9717 9724 9725 9733 9734 9738
 9745 9747 9753 9757 9766 9767 9768 9770 9773 9779 9781 9782 9787 9790
 9794 9795 9803 9805 9806 9811 9815 9816 9819 9825 9837 9841 9842 9844
 9851 9862 9863 9864 9866 9867 9870 9872 9875 9877 9880 9888 9891 9894
 9897 9905 9906 9907 9914 9917 9921 9923 9927 9932 9933 9936 9938 9939
 9940 9949 9951 9956 9960 9961 9971 9975 9976 9979 9981 9982 9983 9985
 9986 9989 9993 9998]
has_0_long: [ 288  477  627  641  659 1044 1152 1200 1251 1509 1670 1920 1972 2059
 2317 2376 2385 2609 2656 2778 2807 2846 2885 2968 3136 3277 3398 3492
 3616 3680 3937 4026 4028 4118 4248 4315 4471 4476 4534 4622 4788 4818
 4959 5034 5269 5329 5497 5526 5537 5763 5858 6008 6281 6410 6473 6519
 6538 6602 6641 6646 6819 6892 7187 7765 7767 8074 8301 8355 8483 8544
 8582 8882 8894 8930 8989 9031 9400 9443 9446 9553 9711 9784 9811]
has_1_long: [ 257  322  527  531  629  662  711 1606 1786 1995 2202 2366 2392 2456
 2575 2620 2703 2893 2960 3087 3098 3128 3268 3311 3413 3501 3556 3565
 3567 3653 3701 3744 3928 4028 4039 4085 4365 4569 4679 4792 4865 4986
 5353 5403 5500 5544 5552 5641 5678 5721 5799 5834 5888 6080 6509 6520
 6527 6675 6679 6790 6852 6861 6950 6967 7017 7243 7304 7583 7605 7624
 7852 7877 7977 8118 8142 8522 8630 8811 8828 9160 9231 9315 9345 9636
 9794 9807]
ind_Z0_verified_long: [ 288  477  627  641  659 1044 1200 1251 1509 1670 1920 1972 2059 2317
 2376 2385 2609 2656 2778 2807 2846 2885 2968 3136 3277 3398 3492 3616
 3680 3937 4026 4028 4248 4315 4471 4476 4534 4622 4788 4818 4959 5034
 5269 5329 5497 5537 5763 5858 6008 6281 6410 6473 6519 6538 6602 6646
 6819 6892 7187 7765 7767 8074 8483 8544 8582 8882 8894 8930 8989 9031
 9443 9446 9711 9784]
ind_Z1_verified_long: [ 257  322  527  531  629  662  711 1606 1786 2202 2366 2392 2456 2575
 2620 2703 2893 2960 3087 3098 3128 3268 3311 3413 3501 3556 3565 3567
 3653 3701 3744 3928 4039 4085 4365 4569 4792 4986 5353 5403 5500 5544
 5552 5641 5678 5721 5799 5888 6080 6509 6520 6527 6675 6679 6790 6852
 6950 6967 7017 7243 7304 7583 7605 7624 7852 7877 8118 8142 8522 8630
 8811 8828 9160 9231 9315 9345 9636 9794]
ind_Z0_checked: [ 288  477  627  641  659 1044 1200 1251 1509 1670 1920 1972 2059 2317
 2376 2385 2609 2656 2778 2807 2846 2885 2968 3136 3277 3398 3492 3616
 3680 3937 4026 4028 4248 4315 4471 4476 4534 4622 4788 4818 4959 5034
 5269 5329 5497 5537 5763 5858 6008 6281 6410 6473 6519 6538 6602 6646
 6819 6892 7187 7765 7767 8074 8483 8544 8582 8882 8894 8930 8989 9031
 9443 9446 9711 9784]
ind_Z1_checked: [ 257  322  527  531  629  662  711 1606 1786 2202 2366 2392 2456 2575
 2620 2703 2893 2960 3087 3098 3128 3268 3311 3413 3501 3556 3565 3567
 3653 3701 3744 3928 4039 4085 4365 4569 4792 4986 5353 5403 5500 5544
 5552 5641 5678 5721 5799 5888 6080 6509 6520 6527 6675 6679 6790 6852
 6950 6967 7017 7243 7304 7583 7605 7624 7852 7877 8118 8142 8522 8630
 8811 8828 9160 9231 9315 9345 9636 9794]
ind_sent_non_dec: [   4    5    7    8    9   12   13   15   16   19   20   21   26   27
   30   31   38   39   42   44   48   52   53   56   59   60   61   63
   65   70   71   73   81   82   83   84   85   88   89   90   91   94
   96   97   98   99  101  102  103  104  105  107  113  114  118  120
  121  123  125  126  127  133  135  136  139  144  146  148  150  155
  158  162  170  171  173  175  177  178  179  185  187  188  189  190
  191  194  196  197  200  201  202  204  205  207  208  210  212  215
  216  219  224  226  230  231  233  235  236  238  240  242  243  244
  247  253  255  257  258  261  266  268  269  270  272  273  275  276
  277  278  279  280  282  284  286  288  289  290  293  297  298  299
  300  302  303  306  308  309  310  311  312  313  314  316  317  319
  321  322  325  329  330  331  332  342  343  347  348  349  350  351
  356  357  359  361  363  365  366  367  369  370  371  372  373  374
  376  377  381  382  386  388  389  390  391  395  396  397  398  402
  406  410  411  412  413  415  418  420  421  422  423  426  427  430
  431  434  435  438  439  441  442  443  444  445  447  449  450  452
  453  456  457  459  460  467  472  473  475  476  477  479  481  483
  487  490  493  495  503  504  507  508  511  513  516  517  520  523
  525  527  529  530  531  532  533  534  536  537  540  541  542  543
  545  546  550  554  557  558  560  561  562  564  566  567  568  573
  575  576  578  579  583  586  588  594  595  597  598  600  601  602
  603  604  606  610  611  616  619  621  622  623  624  627  628  629
  630  631  632  636  637  639  641  643  645  647  650  652  655  656
  658  659  662  665  667  669  671  673  674  675  676  680  681  683
  684  687  689  690  692  694  696  698  700  701  702  703  704  706
  707  709  711  712  717  718  719  720  726  730  731  733  737  738
  739  740  741  743  744  745  751  752  753  758  759  760  761  762
  768  771  772  775  777  778  782  785  786  787  788  789  790  791
  793  794  795  796  801  802  803  804  807  808  811  812  813  814
  816  818  819  820  823  824  827  828  831  833  834  835  839  841
  842  843  845  846  849  850  860  862  863  864  869  872  873  874
  878  879  880  881  882  885  887  888  890  891  892  894  895  896
  897  899  900  903  910  912  913  914  917  923  924  926  928  935
  939  942  943  944  945  946  947  948  950  952  954  956  958  960
  961  964  972  974  979  980  982  985  987  988  989  991  993  996
  997 1000 1001 1002 1004 1005 1007 1008 1009 1010 1012 1014 1015 1020
 1023 1024 1026 1028 1030 1031 1035 1036 1038 1040 1041 1042 1043 1044
 1045 1047 1053 1055 1056 1057 1060 1061 1062 1063 1064 1065 1066 1070
 1071 1073 1080 1081 1082 1083 1085 1086 1089 1090 1091 1094 1096 1097
 1104 1105 1109 1110 1111 1112 1114 1115 1117 1119 1122 1123 1125 1126
 1127 1128 1130 1131 1134 1138 1142 1146 1147 1151 1153 1154 1156 1157
 1158 1159 1160 1161 1162 1164 1165 1167 1175 1176 1177 1179 1180 1181
 1182 1183 1185 1186 1187 1188 1189 1190 1192 1193 1199 1200 1201 1202
 1203 1207 1209 1213 1214 1217 1218 1223 1225 1226 1227 1228 1229 1230
 1231 1232 1234 1236 1239 1241 1242 1243 1244 1248 1251 1252 1253 1254
 1256 1257 1258 1262 1263 1264 1271 1273 1274 1276 1277 1279 1281 1282
 1283 1284 1285 1286 1288 1290 1292 1293 1295 1296 1297 1298 1299 1300
 1303 1305 1307 1309 1311 1313 1315 1317 1318 1323 1325 1326 1327 1329
 1331 1332 1335 1337 1340 1341 1343 1345 1346 1347 1350 1354 1357 1358
 1359 1360 1361 1363 1365 1366 1368 1369 1372 1373 1374 1375 1376 1377
 1381 1382 1383 1384 1385 1386 1387 1390 1392 1393 1394 1395 1396 1397
 1398 1399 1405 1407 1410 1411 1413 1415 1417 1418 1419 1420 1422 1425
 1427 1428 1429 1431 1432 1433 1434 1435 1436 1437 1438 1439 1440 1441
 1442 1444 1448 1449 1450 1451 1453 1454 1456 1458 1460 1461 1465 1466
 1468 1470 1471 1472 1474 1475 1478 1479 1480 1482 1483 1484 1487 1488
 1490 1492 1494 1495 1496 1498 1499 1502 1503 1506 1508 1509 1512 1515
 1516 1519 1521 1524 1525 1529 1533 1534 1536 1537 1542 1544 1546 1547
 1553 1554 1555 1557 1559 1561 1562 1563 1565 1566 1567 1571 1572 1573
 1575 1576 1578 1580 1581 1585 1587 1590 1593 1596 1599 1600 1601 1602
 1603 1605 1606 1607 1611 1612 1613 1615 1616 1618 1619 1620 1621 1622
 1632 1633 1634 1636 1637 1638 1640 1641 1647 1648 1651 1656 1664 1665
 1670 1671 1674 1682 1685 1687 1688 1689 1690 1692 1694 1695 1697 1698
 1699 1706 1707 1708 1709 1711 1715 1717 1718 1720 1721 1723 1728 1729
 1730 1732 1737 1739 1740 1742 1750 1751 1752 1753 1754 1755 1759 1762
 1763 1766 1769 1770 1771 1772 1775 1776 1777 1778 1779 1780 1785 1786
 1787 1791 1793 1794 1795 1796 1797 1800 1801 1804 1806 1807 1808 1809
 1811 1813 1814 1815 1820 1821 1822 1826 1827 1828 1830 1833 1834 1843
 1847 1849 1850 1851 1854 1856 1857 1858 1859 1864 1869 1871 1873 1876
 1877 1880 1881 1883 1887 1888 1889 1890 1892 1896 1897 1899 1900 1901
 1902 1903 1904 1906 1907 1908 1909 1910 1911 1912 1919 1920 1921 1923
 1924 1929 1930 1931 1932 1935 1943 1951 1953 1956 1957 1958 1960 1961
 1962 1963 1965 1966 1970 1972 1973 1975 1976 1978 1981 1982 1984 1986
 1988 1991 1992 1993 1994 1995 1996 1997 2002 2004 2007 2009 2010 2012
 2014 2017 2021 2022 2024 2025 2026 2027 2030 2035 2036 2037 2038 2040
 2041 2043 2048 2053 2054 2057 2059 2060 2064 2065 2073 2074 2075 2076
 2079 2080 2082 2084 2085 2087 2089 2093 2096 2101 2102 2107 2108 2110
 2111 2113 2114 2115 2121 2126 2128 2129 2130 2133 2134 2135 2138 2139
 2140 2142 2146 2147 2148 2150 2153 2156 2157 2159 2164 2165 2167 2169
 2170 2171 2172 2173 2174 2176 2177 2179 2181 2183 2184 2189 2190 2191
 2194 2197 2198 2200 2202 2205 2207 2209 2211 2216 2217 2219 2225 2227
 2229 2232 2233 2235 2237 2238 2239 2240 2241 2243 2246 2247 2250 2252
 2255 2260 2261 2264 2266 2267 2268 2269 2271 2276 2277 2278 2279 2281
 2284 2289 2292 2293 2294 2298 2299 2301 2303 2305 2306 2307 2308 2310
 2311 2312 2314 2315 2317 2318 2319 2325 2326 2327 2329 2331 2332 2333
 2334 2336 2337 2342 2344 2345 2350 2351 2353 2354 2358 2359 2361 2363
 2365 2366 2369 2374 2375 2376 2377 2379 2382 2383 2384 2385 2386 2387
 2390 2392 2393 2397 2407 2411 2414 2416 2420 2421 2422 2423 2424 2425
 2432 2436 2437 2438 2441 2448 2450 2453 2455 2456 2460 2461 2462 2463
 2466 2470 2471 2473 2474 2476 2478 2479 2482 2483 2484 2485 2486 2487
 2489 2490 2492 2493 2494 2495 2497 2498 2499 2500 2501 2502 2504 2506
 2507 2508 2509 2514 2515 2518 2519 2521 2523 2524 2525 2528 2531 2533
 2537 2538 2539 2542 2544 2545 2547 2548 2549 2552 2554 2555 2559 2560
 2565 2566 2568 2569 2570 2571 2572 2573 2577 2578 2579 2580 2581 2582
 2583 2584 2588 2590 2591 2592 2593 2596 2601 2602 2603 2604 2605 2606
 2607 2609 2612 2613 2614 2615 2616 2618 2620 2621 2625 2627 2628 2629
 2633 2634 2636 2638 2639 2641 2642 2644 2646 2647 2648 2649 2651 2652
 2656 2657 2659 2662 2664 2665 2666 2667 2668 2669 2671 2675 2676 2678
 2679 2684 2689 2693 2694 2695 2696 2698 2703 2706 2709 2711 2713 2715
 2716 2721 2722 2723 2728 2730 2731 2736 2737 2741 2743 2747 2749 2750
 2752 2753 2754 2755 2756 2757 2758 2760 2763 2766 2767 2768 2773 2775
 2776 2778 2779 2781 2783 2784 2785 2788 2791 2794 2797 2798 2801 2803
 2804 2806 2807 2809 2811 2812 2816 2818 2821 2822 2823 2826 2827 2828
 2829 2831 2834 2835 2836 2842 2845 2846 2847 2851 2853 2855 2856 2858
 2860 2862 2863 2865 2869 2870 2874 2875 2876 2877 2880 2881 2882 2884
 2885 2887 2888 2889 2891 2892 2893 2895 2897 2899 2900 2904 2905 2907
 2908 2910 2913 2914 2915 2917 2918 2919 2920 2921 2922 2923 2924 2927
 2931 2932 2933 2936 2937 2938 2948 2950 2951 2952 2955 2957 2959 2960
 2963 2964 2967 2968 2969 2971 2972 2973 2974 2976 2978 2980 2981 2982
 2983 2988 2989 2993 2994 2996 2997 3000 3001 3005 3006 3008 3012 3014
 3015 3018 3020 3021 3023 3026 3027 3031 3032 3035 3036 3038 3042 3044
 3045 3048 3049 3050 3051 3052 3053 3054 3058 3059 3062 3064 3067 3071
 3073 3074 3077 3082 3086 3087 3090 3093 3094 3095 3099 3103 3104 3106
 3108 3111 3112 3113 3114 3115 3116 3118 3120 3121 3124 3125 3127 3128
 3129 3132 3133 3135 3136 3137 3139 3140 3143 3144 3145 3146 3148 3151
 3152 3153 3154 3155 3157 3158 3160 3164 3166 3167 3168 3171 3173 3177
 3178 3179 3180 3182 3183 3184 3185 3188 3191 3194 3198 3200 3201 3202
 3204 3205 3207 3209 3210 3214 3215 3216 3218 3221 3223 3225 3227 3229
 3231 3234 3235 3236 3237 3241 3242 3246 3255 3256 3260 3261 3262 3264
 3265 3268 3269 3270 3271 3272 3274 3276 3277 3278 3280 3282 3283 3284
 3285 3286 3288 3289 3291 3292 3298 3299 3302 3303 3310 3311 3313 3316
 3318 3321 3325 3326 3327 3330 3332 3333 3334 3335 3337 3338 3339 3341
 3342 3343 3344 3345 3348 3350 3351 3352 3356 3358 3360 3361 3362 3365
 3366 3376 3381 3383 3384 3386 3387 3391 3392 3396 3397 3398 3399 3400
 3405 3406 3408 3412 3413 3414 3415 3417 3421 3426 3429 3430 3434 3439
 3440 3441 3445 3448 3449 3450 3451 3452 3454 3455 3458 3459 3462 3464
 3470 3471 3472 3474 3476 3477 3480 3482 3483 3486 3490 3491 3492 3493
 3494 3496 3497 3498 3500 3501 3502 3503 3504 3505 3506 3508 3509 3511
 3513 3516 3517 3519 3520 3525 3526 3527 3528 3534 3535 3536 3537 3539
 3540 3541 3542 3543 3544 3545 3548 3549 3551 3552 3553 3554 3555 3556
 3557 3558 3560 3565 3567 3568 3569 3572 3573 3575 3579 3582 3586 3587
 3591 3595 3596 3597 3599 3600 3603 3605 3606 3608 3610 3611 3613 3616
 3618 3620 3622 3624 3627 3635 3636 3638 3643 3646 3647 3648 3649 3652
 3653 3654 3657 3658 3660 3661 3662 3665 3667 3668 3670 3673 3675 3676
 3680 3681 3684 3685 3686 3687 3688 3691 3692 3693 3694 3695 3696 3700
 3701 3702 3703 3705 3707 3710 3712 3714 3717 3718 3728 3729 3730 3731
 3733 3735 3736 3738 3741 3742 3744 3745 3747 3748 3749 3750 3753 3757
 3759 3760 3761 3762 3763 3765 3766 3768 3769 3770 3778 3779 3780 3782
 3788 3790 3791 3792 3793 3795 3799 3802 3803 3804 3806 3807 3812 3814
 3816 3820 3823 3827 3828 3829 3831 3832 3833 3838 3845 3848 3850 3851
 3852 3853 3854 3855 3857 3858 3859 3862 3864 3869 3870 3871 3872 3878
 3881 3883 3887 3889 3891 3893 3894 3895 3897 3903 3904 3905 3906 3908
 3909 3911 3913 3914 3919 3920 3922 3923 3925 3927 3928 3932 3934 3937
 3938 3943 3944 3945 3947 3948 3950 3951 3952 3954 3955 3956 3957 3958
 3960 3965 3966 3967 3971 3972 3973 3974 3975 3977 3978 3979 3985 3988
 3994 3997 3998 4000 4001 4004 4006 4007 4009 4010 4015 4016 4018 4026
 4028 4030 4031 4032 4033 4034 4035 4038 4039 4042 4043 4044 4047 4050
 4051 4055 4057 4058 4059 4060 4062 4064 4066 4072 4073 4074 4083 4086
 4087 4089 4090 4094 4097 4103 4106 4109 4110 4111 4112 4114 4115 4117
 4119 4120 4121 4123 4126 4127 4131 4132 4134 4137 4138 4139 4141 4142
 4143 4144 4146 4150 4157 4158 4161 4162 4164 4165 4167 4172 4175 4179
 4180 4185 4187 4188 4189 4190 4191 4192 4196 4198 4200 4205 4207 4208
 4209 4212 4213 4216 4217 4218 4221 4231 4233 4238 4239 4241 4243 4245
 4248 4250 4251 4253 4255 4256 4258 4259 4261 4262 4263 4265 4267 4269
 4271 4272 4273 4275 4276 4278 4279 4280 4282 4284 4285 4286 4288 4290
 4293 4296 4298 4299 4301 4302 4305 4306 4307 4308 4309 4311 4312 4315
 4319 4320 4321 4322 4323 4324 4327 4328 4332 4333 4334 4337 4338 4341
 4344 4347 4350 4351 4358 4359 4360 4362 4363 4364 4365 4368 4369 4371
 4373 4374 4376 4378 4379 4381 4382 4383 4387 4390 4391 4395 4396 4398
 4399 4400 4401 4403 4404 4407 4409 4411 4414 4416 4418 4419 4423 4429
 4430 4431 4432 4433 4434 4436 4439 4440 4446 4447 4449 4453 4454 4456
 4458 4461 4462 4463 4470 4471 4473 4475 4476 4477 4478 4480 4481 4483
 4484 4485 4486 4487 4489 4493 4496 4497 4498 4500 4503 4505 4506 4507
 4512 4514 4517 4518 4520 4525 4527 4528 4529 4530 4531 4534 4537 4538
 4541 4542 4543 4544 4546 4547 4548 4549 4551 4555 4560 4566 4568 4569
 4571 4572 4575 4576 4577 4578 4580 4581 4582 4584 4586 4587 4588 4590
 4592 4594 4596 4600 4605 4606 4607 4608 4609 4611 4613 4614 4617 4620
 4621 4622 4624 4628 4629 4631 4632 4633 4636 4638 4641 4642 4643 4649
 4652 4656 4658 4659 4661 4662 4668 4669 4673 4680 4682 4685 4688 4691
 4694 4695 4698 4700 4701 4702 4703 4705 4706 4707 4708 4709 4712 4715
 4717 4718 4720 4722 4723 4726 4728 4734 4735 4738 4739 4740 4741 4742
 4743 4744 4748 4751 4755 4760 4761 4763 4765 4766 4768 4771 4775 4777
 4780 4783 4785 4788 4791 4792 4794 4795 4797 4801 4803 4804 4806 4807
 4810 4811 4812 4813 4814 4816 4817 4818 4819 4820 4822 4828 4831 4834
 4836 4837 4838 4840 4841 4843 4844 4846 4848 4853 4855 4857 4860 4861
 4863 4865 4866 4867 4870 4871 4873 4875 4878 4881 4883 4885 4887 4890
 4892 4893 4894 4895 4901 4902 4905 4907 4910 4911 4912 4913 4914 4916
 4918 4919 4920 4922 4923 4924 4928 4932 4933 4934 4936 4937 4940 4943
 4946 4949 4954 4958 4959 4963 4964 4965 4966 4968 4972 4973 4977 4978
 4979 4980 4981 4983 4986 4987 4989 4990 4992 4993 4994 4995 5005 5006
 5007 5009 5011 5013 5014 5016 5018 5019 5020 5021 5023 5024 5025 5026
 5028 5029 5032 5033 5034 5036 5037 5039 5041 5042 5043 5044 5046 5047
 5048 5049 5050 5051 5054 5056 5057 5060 5063 5064 5066 5067 5069 5072
 5078 5082 5086 5087 5088 5090 5091 5092 5093 5094 5097 5101 5105 5107
 5110 5113 5116 5119 5120 5123 5125 5126 5128 5129 5131 5132 5133 5135
 5137 5138 5141 5149 5151 5155 5156 5158 5160 5161 5163 5165 5166 5168
 5171 5172 5173 5174 5175 5176 5177 5179 5180 5181 5182 5187 5188 5189
 5190 5195 5197 5200 5202 5205 5206 5209 5211 5213 5217 5219 5221 5223
 5227 5229 5230 5231 5232 5236 5237 5240 5245 5246 5248 5251 5253 5254
 5255 5260 5266 5269 5273 5277 5278 5284 5287 5288 5289 5290 5291 5293
 5294 5299 5303 5305 5307 5311 5314 5315 5316 5319 5322 5323 5326 5329
 5332 5335 5337 5342 5346 5347 5348 5351 5353 5359 5361 5363 5365 5368
 5371 5372 5374 5375 5378 5380 5381 5382 5383 5385 5386 5387 5388 5391
 5393 5395 5396 5403 5406 5407 5409 5414 5415 5416 5420 5421 5422 5423
 5425 5426 5430 5431 5432 5433 5437 5438 5439 5442 5446 5447 5450 5453
 5456 5457 5458 5461 5463 5464 5466 5467 5469 5473 5474 5476 5477 5479
 5480 5481 5482 5484 5486 5487 5488 5489 5493 5494 5497 5499 5500 5502
 5510 5511 5512 5516 5521 5522 5524 5525 5526 5529 5531 5533 5536 5537
 5538 5541 5542 5543 5544 5545 5548 5550 5552 5553 5556 5557 5558 5559
 5561 5562 5563 5567 5570 5571 5573 5577 5582 5586 5587 5590 5591 5592
 5594 5600 5602 5604 5606 5608 5610 5612 5617 5618 5619 5626 5631 5632
 5633 5635 5637 5641 5642 5643 5645 5646 5647 5648 5650 5653 5658 5659
 5660 5661 5662 5663 5664 5666 5667 5672 5676 5678 5679 5681 5684 5690
 5691 5692 5693 5695 5696 5701 5705 5706 5708 5710 5711 5712 5713 5719
 5721 5725 5726 5729 5731 5732 5733 5734 5739 5742 5744 5745 5746 5749
 5751 5752 5755 5756 5757 5758 5760 5761 5763 5764 5765 5767 5771 5772
 5773 5776 5777 5780 5782 5784 5787 5789 5791 5792 5796 5797 5799 5802
 5803 5805 5807 5808 5809 5810 5811 5812 5813 5818 5819 5820 5824 5827
 5828 5836 5838 5839 5841 5842 5843 5844 5845 5846 5847 5851 5852 5853
 5856 5858 5859 5863 5865 5866 5867 5869 5871 5872 5876 5877 5879 5882
 5883 5884 5885 5886 5887 5888 5889 5890 5892 5893 5897 5901 5902 5903
 5906 5908 5910 5911 5914 5916 5917 5919 5920 5922 5925 5926 5928 5930
 5932 5933 5934 5935 5942 5943 5944 5947 5948 5949 5950 5951 5954 5956
 5958 5960 5962 5964 5967 5968 5973 5977 5981 5982 5987 5988 5989 5991
 5994 5996 5998 5999 6000 6001 6002 6003 6005 6006 6007 6008 6010 6011
 6017 6018 6021 6023 6027 6029 6030 6031 6032 6033 6036 6044 6046 6050
 6051 6054 6056 6058 6060 6061 6065 6066 6067 6068 6069 6070 6072 6073
 6074 6079 6080 6081 6082 6084 6087 6088 6092 6093 6097 6100 6102 6103
 6105 6106 6107 6108 6109 6111 6112 6119 6120 6122 6126 6127 6128 6129
 6132 6134 6135 6137 6138 6146 6147 6149 6150 6159 6160 6161 6162 6164
 6165 6166 6167 6168 6170 6171 6173 6174 6176 6178 6179 6180 6181 6182
 6183 6184 6185 6186 6187 6189 6190 6193 6196 6198 6199 6200 6201 6202
 6204 6206 6208 6209 6213 6214 6215 6216 6217 6218 6219 6220 6221 6223
 6224 6225 6226 6232 6234 6235 6238 6240 6241 6245 6247 6255 6256 6257
 6258 6260 6261 6262 6263 6265 6269 6270 6272 6274 6275 6276 6280 6281
 6282 6284 6285 6286 6288 6289 6290 6291 6292 6293 6294 6295 6296 6297
 6298 6299 6301 6302 6303 6306 6310 6312 6315 6317 6318 6319 6321 6327
 6329 6330 6332 6333 6337 6340 6341 6342 6344 6346 6347 6348 6350 6351
 6352 6353 6356 6358 6360 6361 6362 6363 6366 6367 6370 6374 6378 6380
 6383 6385 6388 6389 6391 6392 6394 6399 6400 6402 6408 6410 6413 6415
 6416 6420 6426 6427 6428 6431 6433 6434 6437 6440 6446 6447 6449 6450
 6453 6454 6455 6463 6468 6469 6473 6475 6477 6478 6480 6481 6482 6484
 6496 6497 6498 6501 6502 6506 6508 6509 6510 6513 6515 6516 6519 6520
 6521 6523 6525 6526 6527 6534 6536 6538 6540 6541 6542 6545 6547 6548
 6549 6550 6552 6555 6556 6558 6559 6560 6562 6564 6565 6567 6568 6570
 6575 6578 6581 6584 6585 6586 6588 6589 6591 6594 6595 6596 6597 6598
 6602 6607 6608 6610 6611 6616 6617 6621 6626 6627 6629 6631 6635 6636
 6638 6641 6646 6648 6651 6652 6654 6657 6658 6659 6660 6661 6664 6666
 6669 6672 6674 6675 6676 6677 6679 6681 6682 6683 6684 6687 6692 6696
 6697 6699 6702 6703 6710 6712 6718 6719 6720 6723 6724 6726 6730 6735
 6737 6738 6739 6740 6742 6744 6745 6749 6750 6751 6753 6756 6758 6762
 6765 6766 6767 6768 6770 6772 6776 6779 6781 6784 6786 6789 6790 6792
 6793 6795 6799 6800 6801 6802 6804 6808 6810 6814 6815 6816 6818 6819
 6820 6821 6823 6824 6826 6827 6829 6830 6831 6832 6833 6836 6838 6840
 6841 6844 6845 6846 6847 6848 6850 6852 6853 6856 6858 6860 6861 6863
 6864 6865 6868 6869 6873 6875 6878 6881 6883 6884 6886 6888 6889 6890
 6891 6892 6893 6894 6895 6896 6898 6899 6902 6903 6905 6906 6907 6908
 6909 6911 6913 6915 6917 6918 6920 6921 6924 6926 6931 6933 6934 6937
 6938 6941 6942 6944 6945 6948 6950 6952 6954 6955 6958 6963 6967 6972
 6973 6975 6976 6977 6980 6982 6984 6985 6986 6987 6990 6995 6997 7001
 7003 7004 7006 7007 7008 7013 7014 7015 7016 7018 7019 7020 7021 7022
 7024 7025 7026 7030 7032 7033 7035 7037 7040 7042 7043 7044 7045 7049
 7050 7053 7056 7061 7067 7068 7070 7071 7072 7073 7075 7077 7078 7083
 7084 7086 7087 7088 7093 7094 7096 7097 7098 7100 7103 7104 7105 7106
 7108 7109 7110 7111 7112 7113 7117 7119 7120 7122 7123 7127 7128 7129
 7130 7131 7132 7133 7134 7135 7142 7144 7146 7147 7148 7153 7157 7159
 7161 7163 7164 7165 7166 7167 7171 7172 7173 7175 7179 7180 7181 7182
 7183 7184 7187 7188 7190 7192 7194 7196 7199 7200 7206 7207 7208 7210
 7216 7217 7219 7220 7223 7224 7226 7228 7229 7230 7231 7243 7245 7249
 7250 7252 7253 7254 7256 7260 7271 7273 7275 7279 7280 7284 7285 7290
 7293 7296 7298 7299 7301 7303 7304 7306 7310 7311 7312 7315 7316 7320
 7321 7323 7324 7325 7326 7327 7328 7330 7335 7336 7338 7339 7340 7342
 7344 7346 7348 7351 7352 7355 7357 7359 7360 7364 7367 7371 7372 7373
 7374 7376 7378 7379 7383 7385 7391 7392 7396 7399 7400 7401 7402 7404
 7405 7406 7407 7408 7409 7410 7411 7412 7417 7419 7420 7421 7422 7423
 7424 7425 7427 7432 7434 7435 7436 7439 7442 7445 7446 7453 7458 7459
 7462 7463 7467 7468 7470 7472 7478 7479 7480 7482 7483 7485 7487 7488
 7489 7491 7495 7497 7501 7504 7505 7508 7514 7515 7516 7517 7518 7521
 7522 7524 7526 7528 7529 7531 7535 7536 7537 7538 7541 7542 7544 7547
 7549 7550 7554 7562 7564 7567 7569 7574 7576 7579 7581 7583 7584 7588
 7593 7595 7596 7597 7599 7601 7602 7603 7605 7607 7611 7613 7614 7616
 7617 7618 7619 7620 7621 7623 7624 7625 7627 7632 7633 7634 7635 7637
 7638 7639 7641 7642 7644 7647 7648 7651 7652 7654 7656 7658 7659 7662
 7663 7664 7666 7667 7668 7669 7670 7674 7675 7680 7683 7684 7688 7689
 7690 7691 7696 7700 7701 7702 7703 7704 7705 7709 7713 7715 7719 7720
 7721 7724 7725 7726 7730 7732 7733 7734 7735 7737 7739 7740 7744 7745
 7746 7747 7752 7753 7754 7755 7758 7761 7763 7764 7765 7767 7769 7770
 7775 7777 7783 7785 7786 7787 7789 7790 7792 7793 7794 7795 7801 7803
 7805 7807 7808 7811 7812 7814 7815 7816 7817 7818 7819 7822 7824 7825
 7826 7828 7832 7833 7839 7841 7842 7847 7848 7849 7850 7851 7852 7856
 7859 7860 7864 7866 7867 7872 7873 7874 7876 7877 7878 7879 7880 7881
 7882 7883 7884 7888 7889 7890 7892 7894 7895 7896 7897 7898 7899 7900
 7902 7905 7906 7907 7909 7910 7911 7912 7914 7916 7917 7918 7919 7921
 7922 7923 7925 7928 7930 7931 7932 7934 7935 7937 7938 7940 7941 7943
 7948 7950 7951 7955 7956 7957 7958 7959 7962 7963 7965 7966 7971 7973
 7975 7977 7978 7982 7983 7985 7986 7990 7991 7992 7997 7998 7999 8000
 8002 8004 8007 8008 8011 8013 8014 8016 8017 8021 8023 8026 8030 8031
 8033 8034 8037 8040 8043 8044 8046 8047 8049 8050 8051 8052 8057 8058
 8062 8067 8069 8070 8071 8072 8074 8076 8078 8080 8081 8084 8087 8090
 8091 8093 8094 8095 8098 8099 8102 8104 8105 8111 8112 8113 8114 8118
 8122 8123 8124 8126 8127 8128 8130 8131 8133 8142 8144 8146 8150 8152
 8154 8158 8160 8162 8164 8165 8166 8175 8176 8177 8178 8184 8185 8188
 8190 8192 8199 8201 8202 8203 8204 8205 8206 8207 8213 8216 8219 8222
 8223 8224 8228 8229 8231 8234 8235 8236 8241 8244 8247 8248 8249 8254
 8256 8259 8260 8261 8264 8269 8270 8273 8275 8276 8279 8284 8286 8288
 8289 8290 8292 8294 8296 8297 8299 8301 8306 8308 8310 8312 8317 8318
 8319 8321 8325 8326 8327 8328 8329 8330 8331 8332 8336 8338 8339 8340
 8342 8344 8347 8350 8351 8356 8357 8358 8360 8362 8365 8370 8372 8373
 8374 8376 8378 8380 8384 8387 8394 8395 8397 8398 8399 8404 8406 8407
 8408 8411 8412 8413 8417 8423 8424 8427 8429 8431 8438 8439 8440 8441
 8443 8447 8449 8450 8452 8453 8458 8459 8460 8461 8462 8463 8465 8470
 8472 8474 8477 8481 8482 8484 8485 8486 8487 8488 8492 8493 8494 8495
 8496 8499 8502 8505 8506 8507 8512 8514 8517 8521 8522 8526 8527 8530
 8532 8533 8536 8537 8540 8544 8545 8546 8547 8549 8550 8551 8554 8556
 8559 8563 8564 8566 8567 8569 8571 8574 8575 8576 8577 8578 8579 8582
 8583 8585 8587 8590 8591 8594 8597 8598 8599 8601 8602 8603 8605 8606
 8608 8610 8612 8614 8615 8616 8619 8620 8621 8627 8628 8630 8632 8634
 8636 8638 8642 8644 8647 8648 8649 8650 8653 8656 8657 8660 8661 8662
 8666 8669 8671 8673 8677 8679 8684 8685 8686 8690 8691 8692 8693 8696
 8700 8701 8702 8705 8706 8708 8711 8714 8715 8716 8719 8720 8721 8724
 8725 8726 8727 8729 8731 8732 8733 8735 8736 8738 8740 8741 8742 8746
 8752 8755 8760 8761 8762 8765 8766 8769 8770 8772 8773 8775 8776 8777
 8778 8779 8780 8781 8784 8785 8787 8788 8789 8792 8795 8797 8798 8801
 8802 8804 8806 8807 8809 8811 8812 8816 8818 8819 8820 8821 8823 8826
 8828 8833 8834 8838 8844 8845 8847 8848 8849 8850 8851 8852 8854 8856
 8857 8864 8866 8867 8869 8871 8872 8873 8874 8875 8876 8878 8879 8880
 8882 8883 8886 8889 8890 8891 8893 8894 8898 8899 8900 8901 8902 8903
 8904 8908 8909 8910 8913 8915 8919 8921 8927 8930 8938 8939 8943 8948
 8950 8951 8955 8957 8963 8965 8966 8968 8969 8977 8978 8979 8980 8981
 8984 8986 8988 8989 8991 8992 8993 8999 9001 9002 9005 9007 9010 9011
 9014 9017 9020 9022 9024 9026 9028 9030 9031 9033 9040 9042 9047 9051
 9052 9056 9058 9059 9061 9065 9068 9069 9070 9071 9072 9074 9076 9077
 9079 9081 9083 9085 9087 9088 9090 9091 9099 9102 9108 9109 9110 9111
 9114 9115 9116 9120 9126 9131 9132 9136 9137 9140 9141 9142 9143 9144
 9145 9146 9148 9150 9155 9157 9159 9160 9162 9164 9167 9168 9173 9174
 9175 9177 9178 9179 9180 9182 9183 9186 9187 9188 9189 9193 9194 9195
 9196 9198 9200 9201 9202 9204 9209 9210 9213 9214 9217 9219 9222 9223
 9224 9225 9227 9229 9230 9231 9232 9235 9236 9237 9239 9240 9241 9242
 9244 9245 9247 9248 9249 9251 9252 9254 9256 9259 9260 9261 9262 9264
 9267 9268 9272 9273 9276 9279 9284 9285 9287 9289 9291 9294 9297 9299
 9302 9306 9307 9308 9309 9311 9312 9313 9315 9316 9320 9321 9325 9327
 9330 9331 9333 9337 9340 9341 9343 9345 9347 9349 9350 9352 9353 9354
 9355 9356 9359 9360 9361 9366 9372 9374 9375 9378 9381 9383 9384 9385
 9391 9393 9394 9396 9397 9398 9399 9401 9402 9403 9404 9405 9406 9407
 9412 9413 9422 9423 9425 9426 9427 9428 9429 9430 9432 9434 9435 9436
 9440 9441 9443 9444 9447 9448 9450 9451 9452 9453 9460 9461 9462 9463
 9464 9465 9467 9469 9470 9471 9472 9473 9475 9476 9479 9483 9484 9486
 9487 9488 9491 9493 9494 9495 9496 9498 9502 9503 9505 9507 9510 9512
 9513 9516 9518 9519 9521 9523 9524 9525 9527 9529 9533 9534 9538 9540
 9552 9553 9556 9557 9558 9559 9560 9563 9566 9570 9571 9574 9578 9584
 9585 9589 9590 9591 9594 9595 9596 9601 9602 9603 9604 9606 9608 9610
 9611 9612 9614 9617 9620 9621 9623 9624 9626 9627 9628 9629 9631 9635
 9636 9637 9640 9644 9645 9646 9647 9650 9651 9652 9654 9655 9656 9660
 9663 9665 9668 9669 9671 9672 9674 9676 9678 9679 9680 9682 9685 9688
 9690 9691 9692 9695 9696 9699 9701 9702 9710 9711 9713 9716 9717 9718
 9719 9721 9722 9724 9726 9728 9731 9732 9733 9734 9736 9737 9738 9739
 9740 9742 9743 9750 9751 9752 9755 9758 9759 9760 9763 9764 9765 9766
 9768 9769 9770 9771 9772 9773 9774 9775 9777 9779 9781 9783 9784 9786
 9787 9788 9789 9792 9794 9801 9802 9804 9806 9809 9810 9811 9812 9813
 9816 9817 9819 9820 9821 9824 9827 9829 9830 9832 9836 9837 9838 9839
 9843 9845 9847 9848 9850 9851 9852 9854 9860 9861 9864 9866 9867 9871
 9878 9880 9882 9887 9891 9893 9895 9902 9905 9910 9913 9915 9917 9918
 9919 9921 9922 9926 9927 9928 9930 9935 9936 9942 9944 9945 9946 9947
 9948 9950 9953 9954 9955 9956 9958 9959 9962 9963 9965 9967 9968 9969
 9970 9971 9973 9974 9977 9985 9986 9987 9988 9989 9990 9991 9992 9993
 9994 9995 9997]
ind_Z0_checked_non_dec: [ 288  477  627  641  659 1044 1200 1251 1509 1670 1920 1972 2059 2317
 2376 2385 2609 2656 2778 2807 2846 2885 2968 3136 3277 3398 3492 3616
 3680 3937 4026 4028 4248 4315 4471 4476 4534 4622 4788 4818 4959 5034
 5269 5329 5497 5537 5763 5858 6008 6281 6410 6473 6519 6538 6602 6646
 6819 6892 7187 7765 7767 8074 8544 8582 8882 8894 8930 8989 9031 9443
 9711 9784]
ind_Z1_checked_non_dec: [ 257  322  527  531  629  662  711 1606 1786 2202 2366 2392 2456 2620
 2703 2893 2960 3087 3128 3268 3311 3413 3501 3556 3565 3567 3653 3701
 3744 3928 4039 4365 4569 4792 4986 5353 5403 5500 5544 5552 5641 5678
 5721 5799 5888 6080 6509 6520 6527 6675 6679 6790 6852 6950 6967 7243
 7304 7583 7605 7624 7852 7877 8118 8142 8522 8630 8811 8828 9160 9231
 9315 9345 9636 9794]
ind_sent_dec: [   0    1    2    3    6   10   11   14   17   18   22   23   24   25
   28   29   32   33   34   35   36   37   40   41   43   45   46   47
   49   50   51   54   55   57   58   62   64   66   67   68   69   72
   74   75   76   77   78   79   80   86   87   92   93   95  100  106
  108  109  110  111  112  115  116  117  119  122  124  128  129  130
  131  132  134  137  138  140  141  142  143  145  147  149  151  152
  153  154  156  157  159  160  161  163  164  165  166  167  168  169
  172  174  176  180  181  182  183  184  186  192  193  195  198  199
  203  206  209  211  213  214  217  218  220  221  222  223  225  227
  228  229  232  234  237  239  241  245  246  248  249  250  251  252
  254  256  259  260  262  263  264  265  267  271  274  281  283  285
  287  291  292  294  295  296  301  304  305  307  315  318  320  323
  324  326  327  328  333  334  335  336  337  338  339  340  341  344
  345  346  352  353  354  355  358  360  362  364  368  375  378  379
  380  383  384  385  387  392  393  394  399  400  401  403  404  405
  407  408  409  414  416  417  419  424  425  428  429  432  433  436
  437  440  446  448  451  454  455  458  461  462  463  464  465  466
  468  469  470  471  474  478  480  482  484  485  486  488  489  491
  492  494  496  497  498  499  500  501  502  505  506  509  510  512
  514  515  518  519  521  522  524  526  528  535  538  539  544  547
  548  549  551  552  553  555  556  559  563  565  569  570  571  572
  574  577  580  581  582  584  585  587  589  590  591  592  593  596
  599  605  607  608  609  612  613  614  615  617  618  620  625  626
  633  634  635  638  640  642  644  646  648  649  651  653  654  657
  660  661  663  664  666  668  670  672  677  678  679  682  685  686
  688  691  693  695  697  699  705  708  710  713  714  715  716  721
  722  723  724  725  727  728  729  732  734  735  736  742  746  747
  748  749  750  754  755  756  757  763  764  765  766  767  769  770
  773  774  776  779  780  781  783  784  792  797  798  799  800  805
  806  809  810  815  817  821  822  825  826  829  830  832  836  837
  838  840  844  847  848  851  852  853  854  855  856  857  858  859
  861  865  866  867  868  870  871  875  876  877  883  884  886  889
  893  898  901  902  904  905  906  907  908  909  911  915  916  918
  919  920  921  922  925  927  929  930  931  932  933  934  936  937
  938  940  941  949  951  953  955  957  959  962  963  965  966  967
  968  969  970  971  973  975  976  977  978  981  983  984  986  990
  992  994  995  998  999 1003 1006 1011 1013 1016 1017 1018 1019 1021
 1022 1025 1027 1029 1032 1033 1034 1037 1039 1046 1048 1049 1050 1051
 1052 1054 1058 1059 1067 1068 1069 1072 1074 1075 1076 1077 1078 1079
 1084 1087 1088 1092 1093 1095 1098 1099 1100 1101 1102 1103 1106 1107
 1108 1113 1116 1118 1120 1121 1124 1129 1132 1133 1135 1136 1137 1139
 1140 1141 1143 1144 1145 1148 1149 1150 1152 1155 1163 1166 1168 1169
 1170 1171 1172 1173 1174 1178 1184 1191 1194 1195 1196 1197 1198 1204
 1205 1206 1208 1210 1211 1212 1215 1216 1219 1220 1221 1222 1224 1233
 1235 1237 1238 1240 1245 1246 1247 1249 1250 1255 1259 1260 1261 1265
 1266 1267 1268 1269 1270 1272 1275 1278 1280 1287 1289 1291 1294 1301
 1302 1304 1306 1308 1310 1312 1314 1316 1319 1320 1321 1322 1324 1328
 1330 1333 1334 1336 1338 1339 1342 1344 1348 1349 1351 1352 1353 1355
 1356 1362 1364 1367 1370 1371 1378 1379 1380 1388 1389 1391 1400 1401
 1402 1403 1404 1406 1408 1409 1412 1414 1416 1421 1423 1424 1426 1430
 1443 1445 1446 1447 1452 1455 1457 1459 1462 1463 1464 1467 1469 1473
 1476 1477 1481 1485 1486 1489 1491 1493 1497 1500 1501 1504 1505 1507
 1510 1511 1513 1514 1517 1518 1520 1522 1523 1526 1527 1528 1530 1531
 1532 1535 1538 1539 1540 1541 1543 1545 1548 1549 1550 1551 1552 1556
 1558 1560 1564 1568 1569 1570 1574 1577 1579 1582 1583 1584 1586 1588
 1589 1591 1592 1594 1595 1597 1598 1604 1608 1609 1610 1614 1617 1623
 1624 1625 1626 1627 1628 1629 1630 1631 1635 1639 1642 1643 1644 1645
 1646 1649 1650 1652 1653 1654 1655 1657 1658 1659 1660 1661 1662 1663
 1666 1667 1668 1669 1672 1673 1675 1676 1677 1678 1679 1680 1681 1683
 1684 1686 1691 1693 1696 1700 1701 1702 1703 1704 1705 1710 1712 1713
 1714 1716 1719 1722 1724 1725 1726 1727 1731 1733 1734 1735 1736 1738
 1741 1743 1744 1745 1746 1747 1748 1749 1756 1757 1758 1760 1761 1764
 1765 1767 1768 1773 1774 1781 1782 1783 1784 1788 1789 1790 1792 1798
 1799 1802 1803 1805 1810 1812 1816 1817 1818 1819 1823 1824 1825 1829
 1831 1832 1835 1836 1837 1838 1839 1840 1841 1842 1844 1845 1846 1848
 1852 1853 1855 1860 1861 1862 1863 1865 1866 1867 1868 1870 1872 1874
 1875 1878 1879 1882 1884 1885 1886 1891 1893 1894 1895 1898 1905 1913
 1914 1915 1916 1917 1918 1922 1925 1926 1927 1928 1933 1934 1936 1937
 1938 1939 1940 1941 1942 1944 1945 1946 1947 1948 1949 1950 1952 1954
 1955 1959 1964 1967 1968 1969 1971 1974 1977 1979 1980 1983 1985 1987
 1989 1990 1998 1999 2000 2001 2003 2005 2006 2008 2011 2013 2015 2016
 2018 2019 2020 2023 2028 2029 2031 2032 2033 2034 2039 2042 2044 2045
 2046 2047 2049 2050 2051 2052 2055 2056 2058 2061 2062 2063 2066 2067
 2068 2069 2070 2071 2072 2077 2078 2081 2083 2086 2088 2090 2091 2092
 2094 2095 2097 2098 2099 2100 2103 2104 2105 2106 2109 2112 2116 2117
 2118 2119 2120 2122 2123 2124 2125 2127 2131 2132 2136 2137 2141 2143
 2144 2145 2149 2151 2152 2154 2155 2158 2160 2161 2162 2163 2166 2168
 2175 2178 2180 2182 2185 2186 2187 2188 2192 2193 2195 2196 2199 2201
 2203 2204 2206 2208 2210 2212 2213 2214 2215 2218 2220 2221 2222 2223
 2224 2226 2228 2230 2231 2234 2236 2242 2244 2245 2248 2249 2251 2253
 2254 2256 2257 2258 2259 2262 2263 2265 2270 2272 2273 2274 2275 2280
 2282 2283 2285 2286 2287 2288 2290 2291 2295 2296 2297 2300 2302 2304
 2309 2313 2316 2320 2321 2322 2323 2324 2328 2330 2335 2338 2339 2340
 2341 2343 2346 2347 2348 2349 2352 2355 2356 2357 2360 2362 2364 2367
 2368 2370 2371 2372 2373 2378 2380 2381 2388 2389 2391 2394 2395 2396
 2398 2399 2400 2401 2402 2403 2404 2405 2406 2408 2409 2410 2412 2413
 2415 2417 2418 2419 2426 2427 2428 2429 2430 2431 2433 2434 2435 2439
 2440 2442 2443 2444 2445 2446 2447 2449 2451 2452 2454 2457 2458 2459
 2464 2465 2467 2468 2469 2472 2475 2477 2480 2481 2488 2491 2496 2503
 2505 2510 2511 2512 2513 2516 2517 2520 2522 2526 2527 2529 2530 2532
 2534 2535 2536 2540 2541 2543 2546 2550 2551 2553 2556 2557 2558 2561
 2562 2563 2564 2567 2574 2575 2576 2585 2586 2587 2589 2594 2595 2597
 2598 2599 2600 2608 2610 2611 2617 2619 2622 2623 2624 2626 2630 2631
 2632 2635 2637 2640 2643 2645 2650 2653 2654 2655 2658 2660 2661 2663
 2670 2672 2673 2674 2677 2680 2681 2682 2683 2685 2686 2687 2688 2690
 2691 2692 2697 2699 2700 2701 2702 2704 2705 2707 2708 2710 2712 2714
 2717 2718 2719 2720 2724 2725 2726 2727 2729 2732 2733 2734 2735 2738
 2739 2740 2742 2744 2745 2746 2748 2751 2759 2761 2762 2764 2765 2769
 2770 2771 2772 2774 2777 2780 2782 2786 2787 2789 2790 2792 2793 2795
 2796 2799 2800 2802 2805 2808 2810 2813 2814 2815 2817 2819 2820 2824
 2825 2830 2832 2833 2837 2838 2839 2840 2841 2843 2844 2848 2849 2850
 2852 2854 2857 2859 2861 2864 2866 2867 2868 2871 2872 2873 2878 2879
 2883 2886 2890 2894 2896 2898 2901 2902 2903 2906 2909 2911 2912 2916
 2925 2926 2928 2929 2930 2934 2935 2939 2940 2941 2942 2943 2944 2945
 2946 2947 2949 2953 2954 2956 2958 2961 2962 2965 2966 2970 2975 2977
 2979 2984 2985 2986 2987 2990 2991 2992 2995 2998 2999 3002 3003 3004
 3007 3009 3010 3011 3013 3016 3017 3019 3022 3024 3025 3028 3029 3030
 3033 3034 3037 3039 3040 3041 3043 3046 3047 3055 3056 3057 3060 3061
 3063 3065 3066 3068 3069 3070 3072 3075 3076 3078 3079 3080 3081 3083
 3084 3085 3088 3089 3091 3092 3096 3097 3098 3100 3101 3102 3105 3107
 3109 3110 3117 3119 3122 3123 3126 3130 3131 3134 3138 3141 3142 3147
 3149 3150 3156 3159 3161 3162 3163 3165 3169 3170 3172 3174 3175 3176
 3181 3186 3187 3189 3190 3192 3193 3195 3196 3197 3199 3203 3206 3208
 3211 3212 3213 3217 3219 3220 3222 3224 3226 3228 3230 3232 3233 3238
 3239 3240 3243 3244 3245 3247 3248 3249 3250 3251 3252 3253 3254 3257
 3258 3259 3263 3266 3267 3273 3275 3279 3281 3287 3290 3293 3294 3295
 3296 3297 3300 3301 3304 3305 3306 3307 3308 3309 3312 3314 3315 3317
 3319 3320 3322 3323 3324 3328 3329 3331 3336 3340 3346 3347 3349 3353
 3354 3355 3357 3359 3363 3364 3367 3368 3369 3370 3371 3372 3373 3374
 3375 3377 3378 3379 3380 3382 3385 3388 3389 3390 3393 3394 3395 3401
 3402 3403 3404 3407 3409 3410 3411 3416 3418 3419 3420 3422 3423 3424
 3425 3427 3428 3431 3432 3433 3435 3436 3437 3438 3442 3443 3444 3446
 3447 3453 3456 3457 3460 3461 3463 3465 3466 3467 3468 3469 3473 3475
 3478 3479 3481 3484 3485 3487 3488 3489 3495 3499 3507 3510 3512 3514
 3515 3518 3521 3522 3523 3524 3529 3530 3531 3532 3533 3538 3546 3547
 3550 3559 3561 3562 3563 3564 3566 3570 3571 3574 3576 3577 3578 3580
 3581 3583 3584 3585 3588 3589 3590 3592 3593 3594 3598 3601 3602 3604
 3607 3609 3612 3614 3615 3617 3619 3621 3623 3625 3626 3628 3629 3630
 3631 3632 3633 3634 3637 3639 3640 3641 3642 3644 3645 3650 3651 3655
 3656 3659 3663 3664 3666 3669 3671 3672 3674 3677 3678 3679 3682 3683
 3689 3690 3697 3698 3699 3704 3706 3708 3709 3711 3713 3715 3716 3719
 3720 3721 3722 3723 3724 3725 3726 3727 3732 3734 3737 3739 3740 3743
 3746 3751 3752 3754 3755 3756 3758 3764 3767 3771 3772 3773 3774 3775
 3776 3777 3781 3783 3784 3785 3786 3787 3789 3794 3796 3797 3798 3800
 3801 3805 3808 3809 3810 3811 3813 3815 3817 3818 3819 3821 3822 3824
 3825 3826 3830 3834 3835 3836 3837 3839 3840 3841 3842 3843 3844 3846
 3847 3849 3856 3860 3861 3863 3865 3866 3867 3868 3873 3874 3875 3876
 3877 3879 3880 3882 3884 3885 3886 3888 3890 3892 3896 3898 3899 3900
 3901 3902 3907 3910 3912 3915 3916 3917 3918 3921 3924 3926 3929 3930
 3931 3933 3935 3936 3939 3940 3941 3942 3946 3949 3953 3959 3961 3962
 3963 3964 3968 3969 3970 3976 3980 3981 3982 3983 3984 3986 3987 3989
 3990 3991 3992 3993 3995 3996 3999 4002 4003 4005 4008 4011 4012 4013
 4014 4017 4019 4020 4021 4022 4023 4024 4025 4027 4029 4036 4037 4040
 4041 4045 4046 4048 4049 4052 4053 4054 4056 4061 4063 4065 4067 4068
 4069 4070 4071 4075 4076 4077 4078 4079 4080 4081 4082 4084 4085 4088
 4091 4092 4093 4095 4096 4098 4099 4100 4101 4102 4104 4105 4107 4108
 4113 4116 4118 4122 4124 4125 4128 4129 4130 4133 4135 4136 4140 4145
 4147 4148 4149 4151 4152 4153 4154 4155 4156 4159 4160 4163 4166 4168
 4169 4170 4171 4173 4174 4176 4177 4178 4181 4182 4183 4184 4186 4193
 4194 4195 4197 4199 4201 4202 4203 4204 4206 4210 4211 4214 4215 4219
 4220 4222 4223 4224 4225 4226 4227 4228 4229 4230 4232 4234 4235 4236
 4237 4240 4242 4244 4246 4247 4249 4252 4254 4257 4260 4264 4266 4268
 4270 4274 4277 4281 4283 4287 4289 4291 4292 4294 4295 4297 4300 4303
 4304 4310 4313 4314 4316 4317 4318 4325 4326 4329 4330 4331 4335 4336
 4339 4340 4342 4343 4345 4346 4348 4349 4352 4353 4354 4355 4356 4357
 4361 4366 4367 4370 4372 4375 4377 4380 4384 4385 4386 4388 4389 4392
 4393 4394 4397 4402 4405 4406 4408 4410 4412 4413 4415 4417 4420 4421
 4422 4424 4425 4426 4427 4428 4435 4437 4438 4441 4442 4443 4444 4445
 4448 4450 4451 4452 4455 4457 4459 4460 4464 4465 4466 4467 4468 4469
 4472 4474 4479 4482 4488 4490 4491 4492 4494 4495 4499 4501 4502 4504
 4508 4509 4510 4511 4513 4515 4516 4519 4521 4522 4523 4524 4526 4532
 4533 4535 4536 4539 4540 4545 4550 4552 4553 4554 4556 4557 4558 4559
 4561 4562 4563 4564 4565 4567 4570 4573 4574 4579 4583 4585 4589 4591
 4593 4595 4597 4598 4599 4601 4602 4603 4604 4610 4612 4615 4616 4618
 4619 4623 4625 4626 4627 4630 4634 4635 4637 4639 4640 4644 4645 4646
 4647 4648 4650 4651 4653 4654 4655 4657 4660 4663 4664 4665 4666 4667
 4670 4671 4672 4674 4675 4676 4677 4678 4679 4681 4683 4684 4686 4687
 4689 4690 4692 4693 4696 4697 4699 4704 4710 4711 4713 4714 4716 4719
 4721 4724 4725 4727 4729 4730 4731 4732 4733 4736 4737 4745 4746 4747
 4749 4750 4752 4753 4754 4756 4757 4758 4759 4762 4764 4767 4769 4770
 4772 4773 4774 4776 4778 4779 4781 4782 4784 4786 4787 4789 4790 4793
 4796 4798 4799 4800 4802 4805 4808 4809 4815 4821 4823 4824 4825 4826
 4827 4829 4830 4832 4833 4835 4839 4842 4845 4847 4849 4850 4851 4852
 4854 4856 4858 4859 4862 4864 4868 4869 4872 4874 4876 4877 4879 4880
 4882 4884 4886 4888 4889 4891 4896 4897 4898 4899 4900 4903 4904 4906
 4908 4909 4915 4917 4921 4925 4926 4927 4929 4930 4931 4935 4938 4939
 4941 4942 4944 4945 4947 4948 4950 4951 4952 4953 4955 4956 4957 4960
 4961 4962 4967 4969 4970 4971 4974 4975 4976 4982 4984 4985 4988 4991
 4996 4997 4998 4999 5000 5001 5002 5003 5004 5008 5010 5012 5015 5017
 5022 5027 5030 5031 5035 5038 5040 5045 5052 5053 5055 5058 5059 5061
 5062 5065 5068 5070 5071 5073 5074 5075 5076 5077 5079 5080 5081 5083
 5084 5085 5089 5095 5096 5098 5099 5100 5102 5103 5104 5106 5108 5109
 5111 5112 5114 5115 5117 5118 5121 5122 5124 5127 5130 5134 5136 5139
 5140 5142 5143 5144 5145 5146 5147 5148 5150 5152 5153 5154 5157 5159
 5162 5164 5167 5169 5170 5178 5183 5184 5185 5186 5191 5192 5193 5194
 5196 5198 5199 5201 5203 5204 5207 5208 5210 5212 5214 5215 5216 5218
 5220 5222 5224 5225 5226 5228 5233 5234 5235 5238 5239 5241 5242 5243
 5244 5247 5249 5250 5252 5256 5257 5258 5259 5261 5262 5263 5264 5265
 5267 5268 5270 5271 5272 5274 5275 5276 5279 5280 5281 5282 5283 5285
 5286 5292 5295 5296 5297 5298 5300 5301 5302 5304 5306 5308 5309 5310
 5312 5313 5317 5318 5320 5321 5324 5325 5327 5328 5330 5331 5333 5334
 5336 5338 5339 5340 5341 5343 5344 5345 5349 5350 5352 5354 5355 5356
 5357 5358 5360 5362 5364 5366 5367 5369 5370 5373 5376 5377 5379 5384
 5389 5390 5392 5394 5397 5398 5399 5400 5401 5402 5404 5405 5408 5410
 5411 5412 5413 5417 5418 5419 5424 5427 5428 5429 5434 5435 5436 5440
 5441 5443 5444 5445 5448 5449 5451 5452 5454 5455 5459 5460 5462 5465
 5468 5470 5471 5472 5475 5478 5483 5485 5490 5491 5492 5495 5496 5498
 5501 5503 5504 5505 5506 5507 5508 5509 5513 5514 5515 5517 5518 5519
 5520 5523 5527 5528 5530 5532 5534 5535 5539 5540 5546 5547 5549 5551
 5554 5555 5560 5564 5565 5566 5568 5569 5572 5574 5575 5576 5578 5579
 5580 5581 5583 5584 5585 5588 5589 5593 5595 5596 5597 5598 5599 5601
 5603 5605 5607 5609 5611 5613 5614 5615 5616 5620 5621 5622 5623 5624
 5625 5627 5628 5629 5630 5634 5636 5638 5639 5640 5644 5649 5651 5652
 5654 5655 5656 5657 5665 5668 5669 5670 5671 5673 5674 5675 5677 5680
 5682 5683 5685 5686 5687 5688 5689 5694 5697 5698 5699 5700 5702 5703
 5704 5707 5709 5714 5715 5716 5717 5718 5720 5722 5723 5724 5727 5728
 5730 5735 5736 5737 5738 5740 5741 5743 5747 5748 5750 5753 5754 5759
 5762 5766 5768 5769 5770 5774 5775 5778 5779 5781 5783 5785 5786 5788
 5790 5793 5794 5795 5798 5800 5801 5804 5806 5814 5815 5816 5817 5821
 5822 5823 5825 5826 5829 5830 5831 5832 5833 5834 5835 5837 5840 5848
 5849 5850 5854 5855 5857 5860 5861 5862 5864 5868 5870 5873 5874 5875
 5878 5880 5881 5891 5894 5895 5896 5898 5899 5900 5904 5905 5907 5909
 5912 5913 5915 5918 5921 5923 5924 5927 5929 5931 5936 5937 5938 5939
 5940 5941 5945 5946 5952 5953 5955 5957 5959 5961 5963 5965 5966 5969
 5970 5971 5972 5974 5975 5976 5978 5979 5980 5983 5984 5985 5986 5990
 5992 5993 5995 5997 6004 6009 6012 6013 6014 6015 6016 6019 6020 6022
 6024 6025 6026 6028 6034 6035 6037 6038 6039 6040 6041 6042 6043 6045
 6047 6048 6049 6052 6053 6055 6057 6059 6062 6063 6064 6071 6075 6076
 6077 6078 6083 6085 6086 6089 6090 6091 6094 6095 6096 6098 6099 6101
 6104 6110 6113 6114 6115 6116 6117 6118 6121 6123 6124 6125 6130 6131
 6133 6136 6139 6140 6141 6142 6143 6144 6145 6148 6151 6152 6153 6154
 6155 6156 6157 6158 6163 6169 6172 6175 6177 6188 6191 6192 6194 6195
 6197 6203 6205 6207 6210 6211 6212 6222 6227 6228 6229 6230 6231 6233
 6236 6237 6239 6242 6243 6244 6246 6248 6249 6250 6251 6252 6253 6254
 6259 6264 6266 6267 6268 6271 6273 6277 6278 6279 6283 6287 6300 6304
 6305 6307 6308 6309 6311 6313 6314 6316 6320 6322 6323 6324 6325 6326
 6328 6331 6334 6335 6336 6338 6339 6343 6345 6349 6354 6355 6357 6359
 6364 6365 6368 6369 6371 6372 6373 6375 6376 6377 6379 6381 6382 6384
 6386 6387 6390 6393 6395 6396 6397 6398 6401 6403 6404 6405 6406 6407
 6409 6411 6412 6414 6417 6418 6419 6421 6422 6423 6424 6425 6429 6430
 6432 6435 6436 6438 6439 6441 6442 6443 6444 6445 6448 6451 6452 6456
 6457 6458 6459 6460 6461 6462 6464 6465 6466 6467 6470 6471 6472 6474
 6476 6479 6483 6485 6486 6487 6488 6489 6490 6491 6492 6493 6494 6495
 6499 6500 6503 6504 6505 6507 6511 6512 6514 6517 6518 6522 6524 6528
 6529 6530 6531 6532 6533 6535 6537 6539 6543 6544 6546 6551 6553 6554
 6557 6561 6563 6566 6569 6571 6572 6573 6574 6576 6577 6579 6580 6582
 6583 6587 6590 6592 6593 6599 6600 6601 6603 6604 6605 6606 6609 6612
 6613 6614 6615 6618 6619 6620 6622 6623 6624 6625 6628 6630 6632 6633
 6634 6637 6639 6640 6642 6643 6644 6645 6647 6649 6650 6653 6655 6656
 6662 6663 6665 6667 6668 6670 6671 6673 6678 6680 6685 6686 6688 6689
 6690 6691 6693 6694 6695 6698 6700 6701 6704 6705 6706 6707 6708 6709
 6711 6713 6714 6715 6716 6717 6721 6722 6725 6727 6728 6729 6731 6732
 6733 6734 6736 6741 6743 6746 6747 6748 6752 6754 6755 6757 6759 6760
 6761 6763 6764 6769 6771 6773 6774 6775 6777 6778 6780 6782 6783 6785
 6787 6788 6791 6794 6796 6797 6798 6803 6805 6806 6807 6809 6811 6812
 6813 6817 6822 6825 6828 6834 6835 6837 6839 6842 6843 6849 6851 6854
 6855 6857 6859 6862 6866 6867 6870 6871 6872 6874 6876 6877 6879 6880
 6882 6885 6887 6897 6900 6901 6904 6910 6912 6914 6916 6919 6922 6923
 6925 6927 6928 6929 6930 6932 6935 6936 6939 6940 6943 6946 6947 6949
 6951 6953 6956 6957 6959 6960 6961 6962 6964 6965 6966 6968 6969 6970
 6971 6974 6978 6979 6981 6983 6988 6989 6991 6992 6993 6994 6996 6998
 6999 7000 7002 7005 7009 7010 7011 7012 7017 7023 7027 7028 7029 7031
 7034 7036 7038 7039 7041 7046 7047 7048 7051 7052 7054 7055 7057 7058
 7059 7060 7062 7063 7064 7065 7066 7069 7074 7076 7079 7080 7081 7082
 7085 7089 7090 7091 7092 7095 7099 7101 7102 7107 7114 7115 7116 7118
 7121 7124 7125 7126 7136 7137 7138 7139 7140 7141 7143 7145 7149 7150
 7151 7152 7154 7155 7156 7158 7160 7162 7168 7169 7170 7174 7176 7177
 7178 7185 7186 7189 7191 7193 7195 7197 7198 7201 7202 7203 7204 7205
 7209 7211 7212 7213 7214 7215 7218 7221 7222 7225 7227 7232 7233 7234
 7235 7236 7237 7238 7239 7240 7241 7242 7244 7246 7247 7248 7251 7255
 7257 7258 7259 7261 7262 7263 7264 7265 7266 7267 7268 7269 7270 7272
 7274 7276 7277 7278 7281 7282 7283 7286 7287 7288 7289 7291 7292 7294
 7295 7297 7300 7302 7305 7307 7308 7309 7313 7314 7317 7318 7319 7322
 7329 7331 7332 7333 7334 7337 7341 7343 7345 7347 7349 7350 7353 7354
 7356 7358 7361 7362 7363 7365 7366 7368 7369 7370 7375 7377 7380 7381
 7382 7384 7386 7387 7388 7389 7390 7393 7394 7395 7397 7398 7403 7413
 7414 7415 7416 7418 7426 7428 7429 7430 7431 7433 7437 7438 7440 7441
 7443 7444 7447 7448 7449 7450 7451 7452 7454 7455 7456 7457 7460 7461
 7464 7465 7466 7469 7471 7473 7474 7475 7476 7477 7481 7484 7486 7490
 7492 7493 7494 7496 7498 7499 7500 7502 7503 7506 7507 7509 7510 7511
 7512 7513 7519 7520 7523 7525 7527 7530 7532 7533 7534 7539 7540 7543
 7545 7546 7548 7551 7552 7553 7555 7556 7557 7558 7559 7560 7561 7563
 7565 7566 7568 7570 7571 7572 7573 7575 7577 7578 7580 7582 7585 7586
 7587 7589 7590 7591 7592 7594 7598 7600 7604 7606 7608 7609 7610 7612
 7615 7622 7626 7628 7629 7630 7631 7636 7640 7643 7645 7646 7649 7650
 7653 7655 7657 7660 7661 7665 7671 7672 7673 7676 7677 7678 7679 7681
 7682 7685 7686 7687 7692 7693 7694 7695 7697 7698 7699 7706 7707 7708
 7710 7711 7712 7714 7716 7717 7718 7722 7723 7727 7728 7729 7731 7736
 7738 7741 7742 7743 7748 7749 7750 7751 7756 7757 7759 7760 7762 7766
 7768 7771 7772 7773 7774 7776 7778 7779 7780 7781 7782 7784 7788 7791
 7796 7797 7798 7799 7800 7802 7804 7806 7809 7810 7813 7820 7821 7823
 7827 7829 7830 7831 7834 7835 7836 7837 7838 7840 7843 7844 7845 7846
 7853 7854 7855 7857 7858 7861 7862 7863 7865 7868 7869 7870 7871 7875
 7885 7886 7887 7891 7893 7901 7903 7904 7908 7913 7915 7920 7924 7926
 7927 7929 7933 7936 7939 7942 7944 7945 7946 7947 7949 7952 7953 7954
 7960 7961 7964 7967 7968 7969 7970 7972 7974 7976 7979 7980 7981 7984
 7987 7988 7989 7993 7994 7995 7996 8001 8003 8005 8006 8009 8010 8012
 8015 8018 8019 8020 8022 8024 8025 8027 8028 8029 8032 8035 8036 8038
 8039 8041 8042 8045 8048 8053 8054 8055 8056 8059 8060 8061 8063 8064
 8065 8066 8068 8073 8075 8077 8079 8082 8083 8085 8086 8088 8089 8092
 8096 8097 8100 8101 8103 8106 8107 8108 8109 8110 8115 8116 8117 8119
 8120 8121 8125 8129 8132 8134 8135 8136 8137 8138 8139 8140 8141 8143
 8145 8147 8148 8149 8151 8153 8155 8156 8157 8159 8161 8163 8167 8168
 8169 8170 8171 8172 8173 8174 8179 8180 8181 8182 8183 8186 8187 8189
 8191 8193 8194 8195 8196 8197 8198 8200 8208 8209 8210 8211 8212 8214
 8215 8217 8218 8220 8221 8225 8226 8227 8230 8232 8233 8237 8238 8239
 8240 8242 8243 8245 8246 8250 8251 8252 8253 8255 8257 8258 8262 8263
 8265 8266 8267 8268 8271 8272 8274 8277 8278 8280 8281 8282 8283 8285
 8287 8291 8293 8295 8298 8300 8302 8303 8304 8305 8307 8309 8311 8313
 8314 8315 8316 8320 8322 8323 8324 8333 8334 8335 8337 8341 8343 8345
 8346 8348 8349 8352 8353 8354 8355 8359 8361 8363 8364 8366 8367 8368
 8369 8371 8375 8377 8379 8381 8382 8383 8385 8386 8388 8389 8390 8391
 8392 8393 8396 8400 8401 8402 8403 8405 8409 8410 8414 8415 8416 8418
 8419 8420 8421 8422 8425 8426 8428 8430 8432 8433 8434 8435 8436 8437
 8442 8444 8445 8446 8448 8451 8454 8455 8456 8457 8464 8466 8467 8468
 8469 8471 8473 8475 8476 8478 8479 8480 8483 8489 8490 8491 8497 8498
 8500 8501 8503 8504 8508 8509 8510 8511 8513 8515 8516 8518 8519 8520
 8523 8524 8525 8528 8529 8531 8534 8535 8538 8539 8541 8542 8543 8548
 8552 8553 8555 8557 8558 8560 8561 8562 8565 8568 8570 8572 8573 8580
 8581 8584 8586 8588 8589 8592 8593 8595 8596 8600 8604 8607 8609 8611
 8613 8617 8618 8622 8623 8624 8625 8626 8629 8631 8633 8635 8637 8639
 8640 8641 8643 8645 8646 8651 8652 8654 8655 8658 8659 8663 8664 8665
 8667 8668 8670 8672 8674 8675 8676 8678 8680 8681 8682 8683 8687 8688
 8689 8694 8695 8697 8698 8699 8703 8704 8707 8709 8710 8712 8713 8717
 8718 8722 8723 8728 8730 8734 8737 8739 8743 8744 8745 8747 8748 8749
 8750 8751 8753 8754 8756 8757 8758 8759 8763 8764 8767 8768 8771 8774
 8782 8783 8786 8790 8791 8793 8794 8796 8799 8800 8803 8805 8808 8810
 8813 8814 8815 8817 8822 8824 8825 8827 8829 8830 8831 8832 8835 8836
 8837 8839 8840 8841 8842 8843 8846 8853 8855 8858 8859 8860 8861 8862
 8863 8865 8868 8870 8877 8881 8884 8885 8887 8888 8892 8895 8896 8897
 8905 8906 8907 8911 8912 8914 8916 8917 8918 8920 8922 8923 8924 8925
 8926 8928 8929 8931 8932 8933 8934 8935 8936 8937 8940 8941 8942 8944
 8945 8946 8947 8949 8952 8953 8954 8956 8958 8959 8960 8961 8962 8964
 8967 8970 8971 8972 8973 8974 8975 8976 8982 8983 8985 8987 8990 8994
 8995 8996 8997 8998 9000 9003 9004 9006 9008 9009 9012 9013 9015 9016
 9018 9019 9021 9023 9025 9027 9029 9032 9034 9035 9036 9037 9038 9039
 9041 9043 9044 9045 9046 9048 9049 9050 9053 9054 9055 9057 9060 9062
 9063 9064 9066 9067 9073 9075 9078 9080 9082 9084 9086 9089 9092 9093
 9094 9095 9096 9097 9098 9100 9101 9103 9104 9105 9106 9107 9112 9113
 9117 9118 9119 9121 9122 9123 9124 9125 9127 9128 9129 9130 9133 9134
 9135 9138 9139 9147 9149 9151 9152 9153 9154 9156 9158 9161 9163 9165
 9166 9169 9170 9171 9172 9176 9181 9184 9185 9190 9191 9192 9197 9199
 9203 9205 9206 9207 9208 9211 9212 9215 9216 9218 9220 9221 9226 9228
 9233 9234 9238 9243 9246 9250 9253 9255 9257 9258 9263 9265 9266 9269
 9270 9271 9274 9275 9277 9278 9280 9281 9282 9283 9286 9288 9290 9292
 9293 9295 9296 9298 9300 9301 9303 9304 9305 9310 9314 9317 9318 9319
 9322 9323 9324 9326 9328 9329 9332 9334 9335 9336 9338 9339 9342 9344
 9346 9348 9351 9357 9358 9362 9363 9364 9365 9367 9368 9369 9370 9371
 9373 9376 9377 9379 9380 9382 9386 9387 9388 9389 9390 9392 9395 9400
 9408 9409 9410 9411 9414 9415 9416 9417 9418 9419 9420 9421 9424 9431
 9433 9437 9438 9439 9442 9445 9446 9449 9454 9455 9456 9457 9458 9459
 9466 9468 9474 9477 9478 9480 9481 9482 9485 9489 9490 9492 9497 9499
 9500 9501 9504 9506 9508 9509 9511 9514 9515 9517 9520 9522 9526 9528
 9530 9531 9532 9535 9536 9537 9539 9541 9542 9543 9544 9545 9546 9547
 9548 9549 9550 9551 9554 9555 9561 9562 9564 9565 9567 9568 9569 9572
 9573 9575 9576 9577 9579 9580 9581 9582 9583 9586 9587 9588 9592 9593
 9597 9598 9599 9600 9605 9607 9609 9613 9615 9616 9618 9619 9622 9625
 9630 9632 9633 9634 9638 9639 9641 9642 9643 9648 9649 9653 9657 9658
 9659 9661 9662 9664 9666 9667 9670 9673 9675 9677 9681 9683 9684 9686
 9687 9689 9693 9694 9697 9698 9700 9703 9704 9705 9706 9707 9708 9709
 9712 9714 9715 9720 9723 9725 9727 9729 9730 9735 9741 9744 9745 9746
 9747 9748 9749 9753 9754 9756 9757 9761 9762 9767 9776 9778 9780 9782
 9785 9790 9791 9793 9795 9796 9797 9798 9799 9800 9803 9805 9807 9808
 9814 9815 9818 9822 9823 9825 9826 9828 9831 9833 9834 9835 9840 9841
 9842 9844 9846 9849 9853 9855 9856 9857 9858 9859 9862 9863 9865 9868
 9869 9870 9872 9873 9874 9875 9876 9877 9879 9881 9883 9884 9885 9886
 9888 9889 9890 9892 9894 9896 9897 9898 9899 9900 9901 9903 9904 9906
 9907 9908 9909 9911 9912 9914 9916 9920 9923 9924 9925 9929 9931 9932
 9933 9934 9937 9938 9939 9940 9941 9943 9949 9951 9952 9957 9960 9961
 9964 9966 9972 9975 9976 9978 9979 9980 9981 9982 9983 9984 9996 9998
 9999]
ind_Z0_checked_dec: [8483 9446]
ind_Z1_checked_dec: [2575 3098 4085 7017]
ind_has_0_xpz1_s: 0
XP_Z1_alice_s: [  53   71   84   90  114  136  244  269  277  298  351  357  372  377
  382  421  443  531  568  595  602  629  632  738  752  791  794  802
  812  828  834  881  892  895  924  947 1001 1009 1063 1066 1157 1203
 1230 1347 1369 1377 1398 1434 1451 1479 1499 1547 1576 1603 1665 1718
 1778 1786 1807 1809 1857 1890 1897 1903 1912 2075 2102 2111 2129 2140
 2165 2173 2177 2217 2294 2307 2345 2351 2354 2366 2456 2471 2579 2583
 2607 2613 2615 2647 2669 2754 2756 2768 2829 2876 2888 2914 2923 2952
 2964 3021 3036 3087 3128 3144 3201 3237 3343 3400 3413 3472 3494 3498
 3506 3536 3540 3556 3587 3606 3653 3676 3686 3692 3694 3742 3853 3928
 3945 3951 3955 3973 4001 4111 4139 4144 4190 4217 4259 4262 4273 4280
 4312 4322 4334 4338 4365 4432 4447 4497 4507 4531 4609 4629 4632 4695
 4741 4792 4812 4894 4902 4924 4937 4965 5037 5057 5064 5088 5120 5126
 5161 5182 5230 5254 5288 5382 5431 5488 5542 5544 5647 5664 5732 5772
 5828 5839 5844 5847 5853 5884 5887 5951 6051 6061 6069 6074 6080 6103
 6185 6224 6258 6275 6286 6302 6319 6347 6363 6367 6428 6469 6481 6509
 6541 6549 6608 6675 6738 6750 6767 6831 6833 6846 6894 6987 7004 7007
 7044 7078 7087 7097 7113 7128 7167 7200 7217 7304 7339 7360 7412 7436
 7488 7621 7667 7691 7703 7734 7740 7747 7786 7795 7808 7826 7851 7873
 7877 7884 7890 7898 7906 7935 7959 7983 7986 7998 8017 8070 8105 8326
 8330 8340 8357 8450 8482 8507 8522 8567 8577 8598 8649 8686 8701 8706
 8715 8732 8807 8819 8848 8880 8899 8992 9002 9052 9144 9146 9160 9194
 9201 9210 9225 9231 9245 9261 9354 9360 9385 9398 9413 9423 9436 9453
 9488 9621 9656 9692 9702 9733 9766 9770 9787 9811 9837 9927 9936 9956
 9993], shape: (323,)
ind_has_0_z0xp_s: 0
Z0_XP_alice_s: [   9   20   31   61   99  188  208  231  243  276  289  303  309  312
  349  371  397  413  423  508  517  530  579  623  628  681  684  772
  788  808  874  879  961 1036 1043 1097 1123 1128 1202 1232 1244 1252
 1257 1274 1284 1286 1300 1326 1359 1383 1394 1396 1429 1442 1466 1484
 1503 1534 1562 1573 1581 1633 1638 1641 1671 1689 1740 1751 1753 1776
 1881 1921 1931 1958 1961 1996 2041 2060 2080 2147 2171 2184 2190 2198
 2238 2240 2268 2312 2383 2387 2424 2438 2461 2463 2479 2486 2501 2507
 2545 2560 2605 2639 2657 2666 2695 2779 2812 2828 2847 2875 2922 2933
 2983 2994 3052 3094 3137 3153 3167 3210 3235 3278 3283 3333 3339 3384
 3399 3406 3415 3441 3450 3459 3477 3483 3493 3503 3527 3552 3555 3648
 3681 3685 3750 3793 3829 3858 3895 3906 3978 3998 4032 4115 4162 4213
 4279 4309 4321 4328 4396 4431 4462 4477 4542 4588 4709 4766 4795 4804
 4819 4837 4861 4913 4920 4980 4995 5007 5024 5026 5044 5049 5348 5372
 5381 5386 5416 5433 5438 5487 5562 5618 5726 5734 5746 5764 5903 5911
 5917 5926 6002 6067 6128 6161 6171 6184 6200 6209 6219 6262 6270 6282
 6290 6293 6299 6333 6392 6498 6548 6556 6559 6740 6801 6821 6827 6845
 6893 6906 6909 6921 6934 7043 7104 7112 7133 7148 7173 7188 7299 7311
 7372 7374 7379 7410 7420 7425 7435 7459 7505 7517 7522 7617 7620 7664
 7675 7690 7721 7733 7746 7764 7842 7882 7889 7896 7932 7941 8000 8008
 8031 8044 8051 8113 8123 8165 8318 8408 8485 8487 8494 8546 8583 8602
 8648 8662 8727 8778 8850 8874 8902 8910 9059 9070 9109 9214 9236 9241
 9313 9394 9402 9404 9428 9435 9441 9444 9452 9595 9603 9628 9655 9672
 9680 9696 9764 9848 9946 9955 9963], shape: (315,)
ind_has_0_xpz1_d: 0
XP_Z1_alice_d: [  24   33   76   87   93  109  164  181  184  214  260  336  339  393
  405  417  582  592  618  714  735  767  780  806  822  852  857  859
  867  932 1022 1059 1079 1100 1107 1145 1150 1173 1220 1246 1268 1321
 1447 1540 1552 1569 1661 1673 1679 1734 1757 1784 1846 1853 1868 1918
 2016 2033 2047 2056 2106 2124 2215 2297 2348 2399 2430 2435 2447 2452
 2458 2517 2558 2575 2600 2632 2692 2702 2719 2733 2745 2762 2772 2840
 2940 3025 3041 3069 3080 3097 3110 3163 3196 3240 3254 3308 3320 3369
 3373 3411 3437 3533 3632 3725 3756 3822 3861 3902 4012 4014 4071 4102
 4105 4152 4177 4194 4225 4235 4355 4413 4421 4565 4646 4654 4693 4714
 4725 4758 4773 4799 4827 4830 4850 4880 4904 4930 4939 5053 5059 5076
 5099 5186 5242 5297 5331 5356 5401 5496 5508 5579 5622 5630 5640 5652
 5688 5700 5716 5737 5816 5823 5861 5875 5899 5937 5939 5966 5972 5986
 5993 6041 6086 6095 6116 6152 6192 6230 6254 6309 6324 6376 6425 6430
 6436 6460 6504 6531 6619 6643 6663 6668 6705 6707 6714 6755 6774 6877
 6962 6999 7010 7047 7080 7082 7125 7140 7170 7178 7186 7198 7202 7214
 7265 7289 7319 7388 7452 7513 7561 7678 7743 7757 7798 7810 7831 7887
 7947 7988 8019 8066 8149 8174 8183 8187 8238 8251 8258 8268 8303 8314
 8335 8355 8364 8391 8393 8401 8415 8422 8426 8456 8467 8479 8491 8519
 8543 8682 8698 8750 8754 8757 8759 8783 8815 8837 8842 8861 8907 8926
 8972 8998 9035 9044 9096 9129 9270 9278 9296 9416 9481 9515 9536 9547
 9555 9583 9643 9694 9705 9747 9757 9897 9932 9938 9979 9981], shape: (292,)
ind_has_0_z0xp_d: 0
Z0_XP_alice_d: [  47   51   68  130  154  169  218  228  250  295  335  341  354  380
  433  462  464  466  471  485  502  510  515  522  556  572  613  626
  723  725  766  837  854  856  871  877  934  977  984 1049 1121 1133
 1196 1206 1222 1238 1302 1320 1380 1532 1589 1610 1629 1658 1704 1725
 1765 1817 1861 1867 1879 1939 1942 1969 1990 2001 2050 2067 2123 2257
 2340 2357 2368 2371 2481 2536 2551 2564 2598 2705 2726 2770 2825 2839
 2850 2926 2946 2985 3030 3061 3079 3162 3190 3213 3251 3259 3295 3297
 3306 3324 3368 3390 3395 3404 3424 3432 3436 3461 3488 3532 3589 3651
 3656 3699 3709 3723 3740 3801 3826 3844 3868 3941 3984 3996 4020 4054
 4069 4076 4080 4108 4136 4154 4227 4304 4349 4451 4460 4468 4495 4509
 4554 4557 4559 4564 4574 4598 4604 4616 4753 4809 4826 4889 4945 4999
 5002 5075 5140 5144 5148 5184 5208 5216 5225 5257 5271 5296 5355 5370
 5412 5419 5429 5505 5596 5629 5656 5674 5686 5718 5724 5728 5815 5831
 5833 5835 5874 5895 6064 6091 6099 6156 6212 6228 6250 6252 6268 6336
 6365 6424 6445 6471 6487 6491 6493 6500 6512 6605 6634 6701 6717 6722
 6783 6813 6867 6960 6966 7060 7205 7222 7234 7241 7248 7263 7270 7288
 7295 7309 7370 7449 7461 7476 7499 7511 7557 7559 7566 7590 7677 7687
 7718 7723 7729 7760 7830 7855 7871 7961 8006 8039 8042 8064 8108 8137
 8169 8172 8196 8210 8267 8272 8283 8316 8334 8349 8369 8383 8390 8433
 8511 8553 8562 8626 8655 8659 8665 8695 8704 8749 8791 8814 8841 8885
 8906 8918 8934 8936 8954 8961 8976 8996 9046 9064 9093 9154 9171 9192
 9208 9216 9283 9305 9319 9363 9389 9544 9546 9551 9562 9568 9577 9633
 9649 9708 9749 9798 9857 9886 9899 9909], shape: (316,)
X_P_calc_dec:0.0
X_P_calc_non_dec:0.0
len_wrong_x_dec: 0, len_wrong_x_non_dec: 0, len_wrong_z_dec: 5, len_wrong_z_non_dec: 4
len_Z_checked_dec: 6, len_Z_checked_non_dec: 146
X_P_calc_non_dec: 0.0, X_P_calc_dec: 0.0
Execution time for simulation: 539.099889278 seconds for 10000 samples
