function_used: run_simulation_classificator
n_samples: 100000
seed: 101971
non_signal_voltage: -1.1
voltage_decoy: -0.3594885736703873
voltage: -0.1
voltage_decoy_sup: -0.5501043766736986
voltage_sup: -0.38387794196605673
p_indep_x_states_non_dec: None
p_indep_x_states_dec: None
p_vacuum_z: 0.9826715922832008
len_vacuum_indices_x_long: 99628
len_Z_checked_dec: 261
len_Z_checked_non_dec: 1155
XP_calc_non_dec: 0.0
XP_calc_dec: 0.0
gain_Z_non_dec: 0.01832460732984293
gain_Z_dec: 0.009627088635609163
gain_X_non_dec: 0.0
gain_X_dec: 0.0
wrong_detections_z_dec: [   0    4    5    6   10   13   15   20   21   22   24   26   28   29
   30   32   33   34   35   39   40   41   45   47   52   57   59   62
   63   70   71   82   85   86   97   98  103  113  114  116  124  131
  138  139  144  148  150  153  157  168  170  174  175  176  179  182
  183  184  186  188  191  194  195  198  202  203  210  211  213  215
  217  219  220  221  223  227  230  231  241  243  248  249  250  251
  256  263  264  272  275  276  279  280  284  285  286  289  291  293
  295  296  298  300  301  304  306  310  314  316  317  319  320  323
  325  328  329  335  336  337  340  342  351  356  366  367  368  369
  374  376  384  388  390  396  397  399  402  408  410  411  414  421
  422  423  424  425  427  428  429  430  436  437  442  444  445  446
  450  455  457  461  462  463  466  483  490  491  495  496  499  502
  509  512  513  515  521  522  525  527  531  532  533  534  535  536
  537  543  545  549  555  557  558  564  565  567  571  573  576  578
  581  587  590  594  596  597  598  599  605  611  616  622  623  624
  626  627  629  633  636  637  640  648  651  653  658  659  661  672
  675  676  683  684  690  693  695  699  700  701  703  704  705  716
  717  718  721  723  724  725  733  734  735  738  741  752  761  762
  767  768  770  775  778  779  780  790  793  795  799  801  802  804
  813  815  816  820  821  830  835  837  846  847  849  854  855  857
  864  865  870  871  874  883  893  896  898  905  906  907  908  913
  918  924  926  928  929  930  934  938  942  950  951  954  956  957
  959  963  965  971  977  986  990  991  995  996 1002 1003 1004 1007
 1015 1016 1017 1024 1025 1030 1034 1036 1038 1040 1044 1052 1053 1057
 1062 1064 1072 1075 1079 1083 1090 1094 1100 1103 1105 1107 1110 1111
 1113 1116 1121 1123 1126 1127 1130 1131 1134 1139 1141 1145 1146 1147
 1151 1153 1155 1157 1160 1163 1178 1187 1189 1191 1193 1198 1199 1205
 1209 1212 1219 1220 1221 1231 1233 1239 1241 1243 1248 1252 1262 1263
 1265 1273 1274 1275 1277 1278 1279 1285 1286 1288 1290 1291 1292 1294
 1296 1307 1309 1316 1320 1323 1324 1326 1327 1328 1329 1331 1332 1337
 1341 1346 1352 1353 1354]
wrong_detections_z_non_dec: [   1    2    3    7    8    9   11   12   14   16   17   18   19   23
   25   27   31   36   37   38   42   43   44   46   48   49   50   51
   53   54   55   56   58   60   61   64   65   66   67   68   69   72
   73   74   75   76   77   78   79   80   81   83   84   87   88   89
   90   91   92   93   94   95   96   99  100  101  102  104  105  106
  107  108  109  110  111  112  115  117  118  119  120  121  122  123
  125  126  127  128  129  130  132  133  134  135  136  137  140  141
  142  143  145  146  147  149  151  152  154  155  156  158  159  160
  161  162  163  164  165  166  167  169  171  172  173  177  178  180
  181  185  187  189  190  192  193  196  197  199  200  201  204  205
  206  207  208  209  212  214  216  218  222  224  225  226  228  229
  232  233  234  235  236  237  238  239  240  242  244  245  246  247
  252  253  254  255  257  258  259  260  261  262  265  266  267  268
  269  270  271  273  274  277  278  281  282  283  287  288  290  292
  294  297  299  302  303  305  307  308  309  311  312  313  315  318
  321  322  324  326  327  330  331  332  333  334  338  339  341  343
  344  345  346  347  348  349  350  352  353  354  355  357  358  359
  360  361  362  363  364  365  370  371  372  373  375  377  378  379
  380  381  382  383  385  386  387  389  391  392  393  394  395  398
  400  401  403  404  405  406  407  409  412  413  415  416  417  418
  419  420  426  431  432  433  434  435  438  439  440  441  443  447
  448  449  451  452  453  454  456  458  459  460  464  465  467  468
  469  470  471  472  473  474  475  476  477  478  479  480  481  482
  484  485  486  487  488  489  492  493  494  497  498  500  501  503
  504  505  506  507  508  510  511  514  516  517  518  519  520  523
  524  526  528  529  530  538  539  540  541  542  544  546  547  548
  550  551  552  553  554  556  559  560  561  562  563  566  568  569
  570  572  574  575  577  579  580  582  583  584  585  586  588  589
  591  592  593  595  600  601  602  603  604  606  607  608  609  610
  612  613  614  615  617  618  619  620  621  625  628  630  631  632
  634  635  638  639  641  642  643  644  645  646  647  649  650  652
  654  655  656  657  660  662  663  664  665  666  667  668  669  670
  671  673  674  677  678  679  680  681  682  685  686  687  688  689
  691  692  694  696  697  698  702  706  707  708  709  710  711  712
  713  714  715  719  720  722  726  727  728  729  730  731  732  736
  737  739  740  742  743  744  745  746  747  748  749  750  751  753
  754  755  756  757  758  759  760  763  764  765  766  769  771  772
  773  774  776  777  781  782  783  784  785  786  787  788  789  791
  792  794  796  797  798  800  803  805  806  807  808  809  810  811
  812  814  817  818  819  822  823  824  825  826  827  828  829  831
  832  833  834  836  838  839  840  841  842  843  844  845  848  850
  851  852  853  856  858  859  860  861  862  863  866  867  868  869
  872  873  875  876  877  878  879  880  881  882  884  885  886  887
  888  889  890  891  892  894  895  897  899  900  901  902  903  904
  909  910  911  912  914  915  916  917  919  920  921  922  923  925
  927  931  932  933  935  936  937  939  940  941  943  944  945  946
  947  948  949  952  953  955  958  960  961  962  964  966  967  968
  969  970  972  973  974  975  976  978  979  980  981  982  983  984
  985  987  988  989  992  993  994  997  998  999 1000 1001 1005 1006
 1008 1009 1010 1011 1012 1013 1014 1018 1019 1020 1021 1022 1023 1026
 1027 1028 1029 1031 1032 1033 1035 1037 1039 1041 1042 1043 1045 1046
 1047 1048 1049 1050 1051 1054 1055 1056 1058 1059 1060 1061 1063 1065
 1066 1067 1068 1069 1070 1071 1073 1074 1076 1077 1078 1080 1081 1082
 1084 1085 1086 1087 1088 1089 1091 1092 1093 1095 1096 1097 1098 1099
 1101 1102 1104 1106 1108 1109 1112 1114 1115 1117 1118 1119 1120 1122
 1124 1125 1128 1129 1132 1133 1135 1136 1137 1138 1140 1142 1143 1144
 1148 1149 1150 1152 1154 1156 1158 1159 1161 1162 1164 1165 1166 1167
 1168 1169 1170 1171 1172 1173 1174 1175 1176 1177 1179 1180 1181 1182
 1183 1184 1185 1186 1188 1190 1192 1194 1195 1196 1197 1200 1201 1202
 1203 1204 1206 1207 1208 1210 1211 1213 1214 1215 1216 1217 1218 1222
 1223 1224 1225 1226 1227 1228 1229 1230 1232 1234 1235 1236 1237 1238
 1240 1242 1244 1245 1246 1247 1249 1250 1251 1253 1254 1255 1256 1257
 1258 1259 1260 1261 1264 1266 1267 1268 1269 1270 1271 1272 1276 1280
 1281 1282 1283 1284 1287 1289 1293 1295 1297 1298 1299 1300 1301 1302
 1303 1304 1305 1306 1308 1310 1311 1312 1313 1314 1315 1317 1318 1319
 1321 1322 1325 1330 1333 1334 1335 1336 1338 1339 1340 1342 1343 1344
 1345 1347 1348 1349 1350 1351 1355 1356 1357 1358]
wrong_detections_x_dec: []
wrong_detections_x_non_dec: []
len_wrong_z_dec: 425
len_wrong_z_non_dec: 934
len_wrong_x_dec: 0
len_wrong_x_non_dec: 0
qber_z_dec: 1.628352490421456
qber_z_non_dec: 0.8086580086580086
qber_x_dec: -999
qber_x_non_dec: -999
raw_key_rate: 23020647.049260285
total_amount_detections: 1416.0
execution_time_run: 618.9111793041229
