n_samples: 18000
seed: 450129
non_signal_voltage: {non_signal_voltage}
voltage_decoy: {voltage_decoy}
voltage: {voltage}
voltage_decoy_sup: {voltage_decoy_sup}
voltage_sup: {voltage_sup}
p_indep_x_states_non_dec: 0.004
p_indep_x_states_dec: 0
p_vacuum_z: 0.9232728077945084
len_vacuum_indices_x_long: 17927
len_Z_checked_dec: 1
len_Z_checked_non_dec: 350
XP_calc_non_dec: 0.0
XP_calc_dec: 0
gain_Z_non_dec: 0.04314595660749507
gain_Z_dec: 0.0010869565217391304
gain_X_non_dec: 0.0
gain_X_dec: 0.0
wrong_detections_z_dec: [ 181  182  209  210  267  380  547  574  594  868 1012 1015 1043 1061
 1336 1552 1644 1659 1670 1707 1897 1930 2422 2493 2512 2549 2635 2645
 2815 2835 2889 2915 2930 3050 3217 3224 3256 3473 3555 3595 3628 3867
 3925 4006 4283 4398 4407 4667 4988 5078 5088 5158 5175 5252 5363 5387
 5452 5515 5527 5543 5614 5644 5781 5791 6009 6018 6127 6591 6709 6837
 6987 7173 7264 7358 7367 7600 7628 7655 7852 7888 7907 8027 8101 8212
 8374 8516 8520 8528 8531 8550 8559 8630 8692 8799]
wrong_detections_z_non_dec: [  10  271  283  329  345  422  575  763  851 1029 1182 1239 1273 1334
 1442 1480 1572 1584 1706 2067 2072 2083 2169 2343 2601 2766 2876 3120
 3281 3334 3354 3375 3399 3721 3900 3968 4227 4302 4348 4381 4394 4622
 4770 4785 4848 4898 4901 5039 5116 5139 5306 5376 5462 5490 5632 5728
 6060 6330 6373 6377 6488 6564 6596 6615 6713 6893 6899 6996 7117 7124
 7140 7287 7560 7641 7798 7936 7939 8119 8184 8187 8224 8306 8364 8401
 8576 8800 8805 8905 8931 8937]
wrong_detections_x_dec: []
wrong_detections_x_non_dec: []
len_ind_has_one_0_and_every_second_symbol_non_dec: 4
len_ind_every_second_symbol_dec: 0
len_ind_has_one_0_and_every_second_symbol_dec: 0
len_ind_every_second_symbol_non_dec: 0
execution_time_run: 432.5694615840912
