n_samples: 200
seed: 624537
non_signal_voltage: {non_signal_voltage}
voltage_decoy: {voltage_decoy}
voltage: {voltage}
voltage_decoy_sup: {voltage_decoy_sup}
voltage_sup: {voltage_sup}
len_wrong_detections_z: 1
len_wrong_detections_x: 0
total_amount_detections: 0
amount_Z_detections: 0
amount_XP_detections: 0
qber: 0
phase_error_rate: 0
raw_key_rate: 0.0
gain_XP_norm: 0.0
gain_XP_dec: 0.0
gain_Z_norm: 0.0
gain_Z_dec: 0.0
calc_mean_photon_nr_eam: [0.69692883 0.7207168  0.70808421 0.66756499 0.10553337 0.74690888
 0.68239182 0.71296844 0.68423187 0.69774987 0.66719117 0.67819858
 0.68761625 0.69350235 0.70546097 0.70120916 0.65795602 0.6788077
 0.65870103 0.7420071  0.69861057 0.66352637 0.7250545  0.69728749
 0.69162994 0.71244321 0.70170976 0.70328955 0.65648148 0.66695342
 0.71574322 0.69821799 0.70219127 0.66453595 0.67343535 0.70135468
 0.69358359 0.69400975 0.64281193 0.69973365 0.7048994  0.66425041
 0.66757981 0.70392646 0.68438338 0.68068002 0.7049793  0.67796603
 0.68118012 0.70854352 0.72721756 0.10215152 0.70297094 0.09979122
 0.65217203 0.67339385 0.69228566 0.66499895 0.66491831 0.72540019
 0.10440407 0.71366921 0.72269533 0.10149015 0.66155489 0.7169025
 0.70762518 0.69236085 0.71201522 0.69904333 0.71789142 0.67958602
 0.73262085 0.71622494 0.74273617 0.70124832 0.73213605 0.71083057
 0.72140412 0.10921604 0.67198699 0.70261801 0.72843022 0.70244307
 0.70979731 0.71569798 0.74426614 0.63243755 0.72863017 0.70189245
 0.69302936 0.71200568 0.69855358 0.09920775 0.65929119 0.72171129
 0.71809472 0.65969698 0.70980695 0.67469556 0.67546262 0.71564305
 0.69210381 0.6713147  0.64948253 0.69070591 0.6771752  0.66602984
 0.67875778 0.66320862 0.74477919 0.65375648 0.75553788 0.64335332
 0.68588662 0.71209166 0.6873997  0.72022836 0.70222448 0.70759714
 0.7305104  0.67429251 0.69180964 0.65060659 0.66513957 0.70571712
 0.68226473 0.65554753 0.75721682 0.61967343 0.68665537 0.67270022
 0.69946233 0.7153988  0.71473065 0.66857788 0.65756536 0.70492711
 0.66426032 0.68118237 0.70554351 0.65487851 0.69951088 0.67201863
 0.70443552 0.67231469 0.1039666  0.70505405 0.65493619 0.69336732
 0.70034557 0.67162324 0.68857286 0.70227326 0.71828331 0.68172263
 0.71346561 0.63782992 0.10270567 0.69050996 0.67851554 0.68361241
 0.70043823 0.68500208 0.71243419 0.73867109 0.67679515 0.66997206
 0.10216304 0.71652598 0.67636549 0.69770277 0.7263964  0.66904761
 0.70311308 0.72756306 0.65569986 0.65472254 0.67992385 0.71547645
 0.66021672 0.10799405 0.1077639  0.67076639 0.67698084 0.67842675
 0.70620468 0.71611631 0.69964364 0.71496388 0.70345784 0.65367011
 0.67424539 0.68791791 0.67315361 0.70825524 0.09468682 0.70925127
 0.68579918 0.66407783]
calc_mean_photon_nr_detector_x: [5.28914862e-02 3.59099683e-04 3.36602346e-03 4.90952688e-02
 3.87227917e-02 7.45008170e-02 2.27993359e-02 9.94615814e-02
 4.56380366e-02 7.07541153e-02 3.64020772e-04 2.32883997e-02
 5.32454875e-02 2.43968097e-04 2.32381434e-02 5.51749944e-02
 5.96835581e-04 4.07955806e-03 4.78926344e-02 5.98028220e-02
 4.20654210e-03 9.56368019e-02 7.26745134e-02 4.87781466e-03
 5.08217101e-02 5.59963190e-02 2.33072838e-04 3.42316604e-03
 4.77327623e-02 4.93764822e-02 4.41965133e-04 4.86549177e-03
 6.97718498e-02 2.18803595e-02 4.49268734e-02 9.66430909e-02
 9.53989676e-02 6.66876613e-02 5.80739767e-03 5.15749860e-02
 5.52470898e-02 1.98592300e-02 5.04735918e-02 2.35169992e-02
 5.14285885e-02 6.07871912e-04 3.64588626e-03 4.95766764e-02
 5.11772114e-02 7.79914321e-03 5.56294135e-02 4.92700083e-02
 5.19909772e-02 1.24976232e-02 2.04388647e-02 4.50234551e-02
 7.08297218e-02 2.05603128e-02 4.88297292e-02 1.60606585e-02
 3.59800498e-02 1.00120808e-01 5.49458347e-02 2.31131517e-02
 1.97038682e-02 5.64468589e-02 9.55678410e-05 5.75999697e-04
 2.34498762e-02 5.31533958e-02 3.47324359e-04 2.52477101e-04
 2.49126508e-04 6.54624222e-03 7.33024113e-02 2.56687557e-02
 5.66605099e-02 2.11846066e-02 1.01365795e-01 2.83506807e-02
 4.90498247e-02 5.41330257e-02 1.70681601e-04 1.04955830e-04
 1.12856201e-04 1.77620506e-04 3.53166612e-03 6.70197749e-02
 4.29809711e-04 4.54170842e-04 6.17598861e-04 4.88356531e-03
 5.17328353e-02 1.23885015e-02 9.04385894e-05 2.34591236e-02
 5.61100435e-02 4.99693651e-04 3.35895142e-04 2.34887212e-02
 4.07170298e-04 4.85685854e-03 9.38258339e-02 6.76778281e-02
 1.99774331e-02 4.63236131e-02 9.20257092e-02 4.82774549e-02
 5.33552978e-02 5.08061578e-05 2.51861532e-02 4.81718045e-02
 8.39456041e-04 2.01740642e-02 9.44050896e-02 9.86467022e-02
 5.16154910e-02 5.35031259e-03 5.17681988e-02 5.44059818e-02
 4.36415926e-03 6.91110193e-02 2.24846343e-02 4.93968136e-02
 1.30539427e-04 4.92003488e-03 6.54777602e-02 2.78621357e-04
 2.44728154e-02 8.33127655e-02 5.19118191e-02 2.04215604e-02
 5.28574305e-02 4.17819382e-04 5.24878042e-03 6.46370207e-02
 2.76704206e-04 3.84029664e-04 5.14213293e-03 9.57351330e-02
 6.89839231e-02 6.01599213e-03 7.03278192e-02 1.64080775e-04
 2.15874344e-04 1.05184396e-02 4.96686389e-02 5.18159464e-02
 5.00366616e-02 4.78900521e-03 5.16012028e-02 4.52461794e-02
 6.93985932e-02 1.31017462e-04 2.77937816e-04 8.57097262e-05
 2.30651672e-02 8.70046037e-02 1.12416590e-02 1.40555079e-04
 8.98739644e-05 1.94167580e-02 5.39739749e-02 6.41196553e-03
 1.01425150e-01 9.82502440e-02 6.75376048e-02 1.48355826e-02
 7.95928600e-04 1.00266956e-01 9.27378471e-02 5.20568988e-02
 5.23726140e-04 6.25644105e-03 9.97481410e-02 5.38079674e-02
 8.99054873e-02 8.89266746e-02 4.63136079e-02 7.11860959e-02
 1.41610158e-02 4.84274252e-05 3.24209623e-02 6.71365926e-02
 2.24425768e-02 5.19426813e-02 5.08003193e-03 5.29507070e-02
 4.76607922e-02 9.87982391e-02 5.16509829e-02 4.95618180e-02
 1.10777094e-04 5.40342787e-03 7.07984800e-02 2.21923518e-02
 3.34345370e-03 5.67528239e-02 3.92167888e-03 6.83315658e-02]
Z0_sent_norm: 46
Z0_sent_dec: 3
Z1_sent_norm: 49
Z1_sent_dec: 3
XP_sent_norm: 92
XP_sent_dec: 7
execution_time_run: 17.627559185028076
time_simulating_signal: 12.194731950759888
time_eam: 12.582604885101318
