function_used: classificator_new
n_samples: 5000
seed: 222751
non_signal_voltage: -1.2
voltage_decoy: -0.745242926478386
voltage: -0.2
voltage_decoy_sup: -0.8355372935533523
voltage_sup: -0.4324394613504409
p_indep_x_states_non_dec: None
p_indep_x_states_dec: None
time_photons_det_x: [[1.13112803e-10]
 [1.73139792e-10]
 [4.94403114e-10]
 [2.15544637e-10]
 [5.26781661e-10]
 [3.71980969e-10]
 [5.11965744e-10]
 [5.27171280e-10]
 [5.29845329e-10]
 [4.31728720e-10]
 [4.13723529e-10]
 [3.49391349e-10]
 [1.08391695e-10]
 [4.09623529e-10]
 [1.24586851e-10]
 [1.91955709e-10]
 [2.00544983e-10]
 [2.12497924e-10]
 [4.24587197e-10]
 [1.53850173e-10]
 [4.67823529e-10]
 [2.05613495e-10]
 [4.18850173e-10]
 [4.53739446e-10]
 [1.48665398e-10]
 [1.78171280e-10]
 [4.31070934e-10]
 [1.68939446e-10]
 [1.38733910e-10]
 [5.07302768e-10]
 [4.34265744e-10]
 [4.72366090e-10]
 [1.61176471e-10]
 [4.40423529e-10]
 [4.83260900e-10]
 [2.58629412e-10]
 [5.01318339e-10]
 [4.46418339e-10]
 [1.12644983e-10]
 [1.97460554e-10]
 [4.38155017e-10]
 [1.10718339e-10]
 [2.00518685e-10]
 [1.75834256e-10]]
detected_indices_x: (44, 1)
detected_indices_x_det_x_basis: [[1]
 [0]
 [0]
 [0]
 [0]
 [0]]
