n_samples: 200
seed: 624537
non_signal_voltage: {non_signal_voltage}
voltage_decoy: {voltage_decoy}
voltage: {voltage}
voltage_decoy_sup: {voltage_decoy_sup}
voltage_sup: {voltage_sup}
len_wrong_detections_z: 1
len_wrong_detections_x: 0
total_amount_detections: 0
amount_Z_detections: 0
amount_XP_detections: 0
qber: 0
phase_error_rate: 0
raw_key_rate: 0.0
gain_XP_norm: 0.0
gain_XP_dec: 0.0
gain_Z_norm: 0.0
gain_Z_dec: 0.0
calc_mean_photon_nr_eam: [0.69692677 0.72071673 0.70808417 0.66756302 0.10553338 0.74690667
 0.68239193 0.71296634 0.68422985 0.69774781 0.66719126 0.67819866
 0.68761422 0.69350232 0.70546102 0.7012071  0.65795603 0.67880768
 0.65869909 0.7420049  0.69861048 0.66352442 0.72505236 0.69728749
 0.6916279  0.7124411  0.70170972 0.70328951 0.65647954 0.66695145
 0.71574316 0.69821796 0.7021892  0.66453608 0.67343337 0.70135261
 0.69358154 0.6940077  0.64281199 0.69973158 0.70489731 0.66425045
 0.66757784 0.70392645 0.68438136 0.68068    0.70497925 0.67796403
 0.68117811 0.70854343 0.72721541 0.10215154 0.70296887 0.09979121
 0.65217216 0.67339186 0.69228362 0.66499908 0.66491636 0.72540015
 0.10440408 0.7136671  0.7226932  0.10149016 0.66155502 0.71690038
 0.70762514 0.69236086 0.71201526 0.69904127 0.71789137 0.67958605
 0.73262081 0.71622489 0.74273397 0.70124841 0.73213389 0.71083056
 0.721402   0.10921604 0.67198501 0.70261593 0.72843015 0.70244308
 0.70979731 0.71569798 0.74426604 0.63243571 0.72863019 0.70189245
 0.69302937 0.71200563 0.69855152 0.09920774 0.65929128 0.72171132
 0.7180926  0.659697   0.70980695 0.67469564 0.6754627  0.71564299
 0.69210177 0.67131272 0.64948267 0.69070387 0.6771732  0.66602787
 0.67875578 0.66320863 0.74477919 0.65375456 0.75553777 0.64335343
 0.6858846  0.71208956 0.68739767 0.72022824 0.7022224  0.70759505
 0.73051027 0.67429052 0.69180973 0.65060468 0.66513957 0.70571707
 0.68226272 0.65554761 0.7572168  0.6196716  0.68665334 0.67270024
 0.69946026 0.71539874 0.71473059 0.66857591 0.65756544 0.7049271
 0.66426033 0.68118036 0.70554143 0.65487856 0.69950881 0.67201871
 0.70443553 0.67231476 0.10396662 0.70505198 0.65493426 0.69336723
 0.7003435  0.67162126 0.68857083 0.7022733  0.71828329 0.68172267
 0.71346564 0.63782804 0.10270569 0.69051    0.67851559 0.68361247
 0.70043616 0.68500201 0.71243208 0.73866891 0.67679315 0.66997217
 0.10216304 0.71652386 0.6763635  0.69770071 0.72639633 0.66904759
 0.703111   0.72756091 0.65569792 0.65472061 0.67992185 0.71547434
 0.66021684 0.10799408 0.10776391 0.67076442 0.67698095 0.67842475
 0.70620459 0.71611419 0.69964158 0.71496177 0.70345577 0.65366819
 0.67424538 0.68791789 0.67315162 0.70825532 0.09468682 0.70924918
 0.68579911 0.66407587]
calc_mean_photon_nr_detector_x: [0.27998552 0.26818114 0.3241286  0.10470786 0.12424741 0.14755868
 0.18468392 0.18104106 0.33595464 0.14221038 0.25216108 0.1843116
 0.27205777 0.26587525 0.18998341 0.27299541 0.25007166 0.31099287
 0.09877694 0.2869028  0.3154502  0.17663418 0.14567676 0.32113882
 0.10279481 0.27958875 0.26592946 0.31870843 0.09846805 0.27356238
 0.26488886 0.32457691 0.14118417 0.18032831 0.33309633 0.17775187
 0.17748144 0.13759189 0.30815209 0.10375523 0.2775132  0.17716926
 0.26651957 0.19012632 0.27683816 0.25260747 0.32419523 0.10114246
 0.27732757 0.32160843 0.11577752 0.10045186 0.10854397 0.07694469
 0.17583762 0.33144195 0.14188887 0.17800674 0.27228974 0.20495718
 0.12076574 0.18230169 0.11535604 0.06574506 0.17666126 0.2794613
 0.27579576 0.26173997 0.19150296 0.28073964 0.26811558 0.26250909
 0.28185079 0.33234799 0.14568398 0.19137201 0.29251725 0.18795371
 0.18249077 0.12718695 0.10039944 0.28013243 0.27586365 0.26757939
 0.2753929  0.27654972 0.32259875 0.13766375 0.27252797 0.26376518
 0.26977775 0.32784895 0.10792967 0.07620322 0.25853956 0.19404234
 0.2820706  0.25207902 0.26487139 0.18411339 0.25967512 0.32449501
 0.17456343 0.13911476 0.17400924 0.33409053 0.172213   0.09989693
 0.26480743 0.2605927  0.20079476 0.26645383 0.28133305 0.17408009
 0.17535269 0.18140158 0.2768148  0.32632552 0.10409482 0.28296397
 0.32525104 0.14002471 0.18627827 0.2575246  0.26013435 0.31930018
 0.1354365  0.26709143 0.20269196 0.16028952 0.27372477 0.17975706
 0.2815848  0.27438265 0.316176   0.13445544 0.26336617 0.26105151
 0.31011883 0.17663821 0.14108271 0.30935294 0.14202235 0.25829588
 0.26786765 0.20292845 0.10076739 0.1046226  0.25972051 0.32231098
 0.10390235 0.32979253 0.1402861  0.27624243 0.26846696 0.26400673
 0.19206004 0.16376795 0.08642584 0.26175737 0.2685546  0.17985384
 0.27656677 0.31679146 0.18363558 0.18099568 0.1386758  0.19370722
 0.03295267 0.18165805 0.17322957 0.28331393 0.26747698 0.3132609
 0.18127298 0.10738368 0.16793192 0.16842698 0.33684552 0.14199556
 0.19229682 0.04055092 0.11752229 0.1378752  0.1838777  0.26853535
 0.32825832 0.10584285 0.3429848  0.1803081  0.10445527 0.26076545
 0.26132959 0.31049568 0.1424013  0.1886457  0.03313436 0.27417185
 0.31403628 0.13955343]
Z0_sent_norm: 46
Z0_sent_dec: 3
Z1_sent_norm: 49
Z1_sent_dec: 3
XP_sent_norm: 92
XP_sent_dec: 7
execution_time_run: 13.818808794021606
time_simulating_signal: 9.206081628799438
time_eam: 9.521149635314941
