function_used: hist_z
n_samples: None
seed: None
non_signal_voltage: None
voltage_decoy: None
voltage: None
voltage_decoy_sup: None
voltage_sup: None
p_indep_x_states_non_dec: None
p_indep_x_states_dec: None
hist_z: [0 0 0 0 0 0 0 0 0 0 0 0 0 0 0 0 0 0 0 0 0 0 0 0 0 0 0 0 0 0 0 0 0 0 0 0 0
 0 0 0 0 0 0 0 0 0 0 0 0 0 0 0 0 0 0 0 0 0 0 0 0 0 0 0 0 0 0 0 0 0 0 0 0 0
 0 0 0 0 0 0 1 0 0 0 0 0 0 0 0 0 0 0 0 0 0 0 2 0 0 0 0 0 0 0 0 0 0 0 0 0 0
 0 0 0 0 0 0 0 0 0 0 0 0 0 0 0 0 0 0 0 0 0 0 0 0 0 0 0 0 0 0 0 0 0 0 0 0 0
 0 0 0 0 0 0 0 0 0 0 0 0 0 0 0 0 0 0 0 0 0 0 0 0 0 0 0 0 0 0 0 0 0 0 0 0 0
 0 0 0 0 0 0 0 0 0 0 0 0 0 0 0 0 0 0 0 0 0 0 0 0 0 0 0 0 0 0 0 0 0 0 0 0 0
 0 0 0 0 0 0 0 0 0 0 0 0 0 0 0 0 0 0 0 0 0 0 0 0 0 0 0 0 0 0 0 0 0 0 0 0 0
 0 0 0 0 0 0 0 0 0 0 0 0 0 0 0 0 0 0 0 0 0 0 0 0 0 0 0 0 0 0 0 0 0 0 0 0 0
 0 0 0 0 0 0 0 0 0 0 0 0 0 0 0 0 0 0 0 0 0 0 0 0 0 0 0 0 0 0 0 0 0 0 0 0 0
 0 0 0 0 0 0 0 0 0 0 0 0 0 0 0 0 0 0 0 0 0 0 0 0 0 0 0 0 0 0 0 0 0 0 0 0 0
 0 0 0 0 0 0 0 0 0 0 0 0 0 0 0 0 0 0 0 0 0 0 0 0 0 0 0 0 0 0 0 0 0 0 0 0 0
 0 0 0 0 0 0 0 0 0 0 0 0 0 0 0 0 0 0 0 0 0 0 0 0 0 0 0 0 0 0 0 0 0 1 0 0 0
 0 0 0 0 0 0 0 0 0 0 0 0 0 0 0 0 0 0 0 0 0 0 0 0 0 0 0 0 0 0 0 0 0 0 0 0 0
 0 0 0 0 0 0 0 0 0 0 0 0 0 0 0 0 0 0 0 0 0 0 0 0 0 0 0 0 0 0 0 0 0 0 0 0 0
 0 0 0 0 0 0 0 0 0 0 0 0 0 0 0 0 0 0 0 0 0 0 0 0 0 0 0 0 0 0 0 0 0 0 0 0 0
 0 0 0 0 0 0 0 0 0 0 0 0 0 0 0 0 0 0 0 0 0 0 0 0 0 0 0 0 0 0 0 0 0 0 0 0 0
 0 0 0 0 0 0 0 0 0 0 0 0 0 0 0 0 0 0 0 0 0 0 0 0 0 0 0 0 0 0 0 0 0 0 0 0 0
 0 0 0 0 0 0 0 0 0 0 0 0 0 0 0 0 0 0 0 0 0 0 0 0 0 0 0 0 0 0 0 0 0 0 0 0 0
 0 0 0 0 0 0 0 0 0 0 0 0 0 0 0 0 0 0 0 0 0 0 0 0 0 0 0 0 0 0 0 0 0 0 0 0 0
 0 0 0 0 0 0 0 0 0 0 0 0 0 0 0 0 0 0 0 0 0 0 0 0 0 0 0 0 0 0 0 0 0 0 0 0 0
 0 0 0 0 0 0 0 0 0 0 0 0 0 0 0 0 0 0 0 0 0 0 0 0 0 0 0 0 0 0 0 0 0 0 0 0 0
 0 0 0 0 0 0 0 0 0 0 0 0 0 0 0 0 0 0 0 0 0 0 0 0 0 0 0 0 0 0 0 0 0 0 0 0 0
 0 0 0 0 0 0 0 0 0 0 0 0 0 0 0 0 0 0 0 0 0 0 0 0 0 0 0 0 0 0 0 0 0 0 0 0 0
 0 0 0 0 0 0 0 0 0 0 0 0 0 0 0 0 0 0 0 0 0 0 0 0 0 0 0 0 0 0 0 0 0 0 0 0 0
 0 0 0 0 0 0 0 0 0 0 0 0 0 0 0 0 0 0 0 0 0 0 0 0 0 0 0 0 0 0 0 0 0 0 0 0 0
 0 0 0 0 0 0 0 0 0 0 0 0 0 0 0 0 0 0 0 0 0 0 0 0 0 0 0 0 0 0 0 0 0 0 0 0 0
 0 0 0 0 0 0 0 0 0 0 0 0 0 0 0 0 0 0 0 0 0 0 0 0 0 0 0 0 0 0 0 0 0 0 0 0 0
 0 0 0 0 0 0 0 0 0 0 0 0 0 0 0 0 0 0 0 0 0 0 0 0 0 0 0 0 0 0 0 0 0 0 0 0 0
 0 0 0 0 0 0 0 0 0 0 0 0 0 0 0 0 0 0 0 0 0 0 0 0 0 0 0 0 0 0 0 0 0 0 0 0 0
 0 0 0 0 0 0 0 0 0 0 0 0 0 0 0 0 0 0 0 0 0 0 0 0 0 0 0 0 0 0 0 0 0 0 0 0 0]
time_photons_det_z: [[4.13944291e-10            nan]
 [1.28333910e-10            nan]
 [4.88839446e-10            nan]
 [5.49250173e-10 1.44686851e-10]
 [3.87643945e-10            nan]
 [6.14124566e-11            nan]
 [3.96970588e-10            nan]
 [1.66034256e-10            nan]
 [2.07092042e-10            nan]
 [5.00044983e-10            nan]
 [4.58866090e-10            nan]
 [2.13371280e-10            nan]
 [4.42944637e-10            nan]
 [4.38634256e-10            nan]
 [5.28707958e-10            nan]
 [4.67629066e-10            nan]
 [1.83660554e-10            nan]
 [1.94082007e-10            nan]
 [2.21244983e-10            nan]
 [4.12876125e-10            nan]
 [2.51245329e-10            nan]
 [4.84276471e-10            nan]
 [3.14066436e-10            nan]
 [1.46755363e-10            nan]
 [4.59029066e-10            nan]
 [1.75908305e-10            nan]
 [4.78281315e-10            nan]
 [3.89991695e-10            nan]
 [4.63544983e-10            nan]
 [5.30534602e-10            nan]
 [1.53723875e-10            nan]
 [4.09860208e-10            nan]
 [4.82597578e-10            nan]
 [4.78102768e-10            nan]
 [4.63982007e-10            nan]
 [5.12339446e-10            nan]
 [2.22919031e-10            nan]
 [4.07546712e-11            nan]
 [5.45882007e-10            nan]
 [1.22449827e-10            nan]
 [1.73744983e-10            nan]
 [           nan 4.71323529e-10]
 [4.36044637e-10            nan]
 [8.31235294e-11            nan]
 [4.56239446e-10            nan]
 [           nan 2.63729066e-10]
 [4.41328720e-10            nan]
 [3.09202422e-10            nan]
 [5.62050519e-10            nan]
 [3.88302422e-10            nan]
 [           nan 1.91218685e-10]
 [5.17118339e-10            nan]
 [5.18376471e-10            nan]
 [5.05292042e-10 2.01160554e-10]
 [4.20544637e-10            nan]
 [5.30845329e-10            nan]
 [9.20446367e-11            nan]
 [3.34780969e-10            nan]
 [3.41859861e-10            nan]
 [3.30076471e-10            nan]
 [4.51439100e-10            nan]
 [2.73919031e-10            nan]
 [1.66686851e-10            nan]
 [3.96555017e-10            nan]
 [3.89070588e-10            nan]
 [4.57986851e-10            nan]
 [1.35433910e-10            nan]
 [           nan 6.15100000e-10]
 [1.07213149e-10            nan]
 [1.02513149e-10            nan]
 [4.61481661e-10            nan]
 [4.42312803e-10            nan]
 [1.55365744e-10            nan]
 [           nan 4.38186851e-10]
 [2.25166090e-10            nan]
 [4.19512803e-10            nan]
 [9.52339100e-11            nan]
 [4.56923529e-10            nan]
 [2.97354671e-10            nan]
 [5.40571280e-10            nan]
 [4.06928720e-10            nan]
 [1.24160208e-10            nan]
 [5.79576125e-10            nan]
 [4.90302768e-10            nan]
 [4.34770934e-10            nan]
 [3.67276471e-10            nan]
 [3.80092042e-10            nan]
 [4.86744983e-10            nan]
 [4.75644637e-10            nan]
 [1.98544637e-10            nan]
 [3.61705882e-11            nan]
 [5.29592388e-10            nan]
 [3.90165398e-10            nan]
 [3.93012803e-10            nan]
 [1.95087197e-10            nan]
 [1.30455363e-10            nan]
 [5.37923875e-10            nan]
 [1.30465744e-10            nan]
 [1.67471280e-10            nan]
 [3.96691695e-10            nan]
 [4.66360208e-10            nan]
 [5.64292388e-10            nan]
 [           nan 1.24944637e-10]
 [1.33213495e-10            nan]
 [4.83671280e-10            nan]
 [1.97481315e-10            nan]
 [3.86020760e-11            nan]
 [5.57546712e-11            nan]
 [5.68124222e-10            nan]
 [5.15092042e-10            nan]
 [1.64229412e-10            nan]
 [7.80394464e-11            nan]
 [6.29204151e-12            nan]
 [2.31802768e-10            nan]
 [1.58944637e-10            nan]
 [           nan 2.14023875e-10]
 [1.12023529e-10            nan]
 [2.19692388e-10            nan]
 [2.28413495e-10            nan]
 [1.55260900e-10            nan]
 [4.53334256e-10            nan]
 [5.66534256e-10            nan]
 [3.58939100e-10            nan]
 [1.24491695e-10            nan]
 [3.11770588e-10            nan]
 [4.79592042e-10            nan]
 [1.51971280e-10            nan]
 [1.33823529e-10            nan]
 [3.99333910e-10            nan]
 [6.15100000e-10            nan]
 [1.55265744e-10            nan]
 [5.18702421e-11            nan]
 [4.39002768e-10            nan]
 [9.08705882e-11            nan]
 [5.30460900e-10            nan]
 [1.30081661e-10            nan]
 [4.92418339e-10            nan]
 [1.47144983e-10            nan]
 [1.80629066e-10            nan]
 [1.86560554e-10            nan]
 [4.84618685e-10            nan]
 [1.99655363e-10            nan]
 [2.11729066e-10            nan]
 [9.12339100e-11            nan]
 [4.94013495e-10            nan]
 [           nan 4.50349827e-10]
 [1.65486851e-10            nan]
 [4.94902768e-10            nan]
 [3.42759861e-10            nan]
 [           nan 1.49713495e-10]
 [4.23186505e-10            nan]
 [1.37834256e-10            nan]
 [5.09971626e-10            nan]
 [1.28029066e-10            nan]
 [4.06834256e-10            nan]
 [3.73755017e-10            nan]
 [8.93757785e-11            nan]
 [5.18144983e-10            nan]
 [1.15670934e-10            nan]
 [           nan 2.58992734e-10]
 [2.08092388e-10            nan]
 [3.44049481e-10            nan]
 [2.45749827e-10            nan]
 [1.81571280e-10            nan]
 [1.69686505e-10            nan]
 [1.66492042e-10            nan]
 [5.63224222e-10            nan]
 [1.32449827e-10            nan]
 [4.39523529e-10            nan]
 [2.56482007e-10            nan]
 [2.03603114e-10            nan]
 [5.04066090e-10            nan]
 [4.40655017e-10            nan]
 [           nan 1.42686505e-10]
 [4.09707612e-10            nan]
 [4.73013149e-10            nan]
 [4.38765398e-10            nan]
 [1.04817993e-10            nan]
 [7.82550173e-11            nan]
 [1.24986505e-10            nan]
 [           nan 4.41265744e-10]
 [4.74501730e-11            nan]
 [5.75376817e-10            nan]
 [4.84229066e-10            nan]
 [1.44597578e-10            nan]
 [5.02833564e-10            nan]
 [           nan 4.23628720e-10]
 [9.76868512e-11            nan]
 [1.46144983e-10            nan]
 [4.46176125e-10            nan]
 [2.04971626e-10            nan]
 [4.40131488e-11            nan]
 [4.39476125e-10            nan]
 [1.84518685e-10            nan]
 [2.72061246e-10            nan]
 [4.91134602e-10            nan]
 [           nan 3.56333564e-10]
 [1.14976125e-10            nan]
 [           nan 5.58965397e-11]
 [2.09350173e-10            nan]
 [2.00487197e-10            nan]
 [1.55955017e-10            nan]
 [2.49739100e-10            nan]
 [1.82292042e-10            nan]
 [2.86439792e-10            nan]
 [4.07212803e-10            nan]
 [4.79049827e-10            nan]
 [2.55303114e-10            nan]
 [4.54402422e-10            nan]
 [4.41770934e-10            nan]
 [9.40207603e-12            nan]
 [1.54628720e-10            nan]
 [2.17818339e-10            nan]
 [4.61855363e-10            nan]
 [1.43486851e-10            nan]
 [4.18181315e-10            nan]
 [6.41813148e-11            nan]
 [4.94950173e-10            nan]
 [4.54433910e-10            nan]
 [1.81602768e-10            nan]
 [5.39550173e-11            nan]
 [1.74413495e-10            nan]
 [3.96565398e-10            nan]
 [1.60676471e-10            nan]
 [7.14653979e-11            nan]
 [5.08892388e-10            nan]
 [8.60709342e-11            nan]
 [4.54197232e-10            nan]
 [4.76176471e-10            nan]
 [4.16249827e-10            nan]
 [3.65291695e-10            nan]
 [0.00000000e+00            nan]
 [3.63670934e-10            nan]
 [4.07813149e-10            nan]
 [3.05335639e-11            nan]
 [1.39860554e-10            nan]
 [4.29050173e-10            nan]
 [5.69044983e-10            nan]
 [5.86281661e-10            nan]
 [6.59598615e-11            nan]
 [1.40334256e-10            nan]
 [1.72186851e-10            nan]
 [6.72179930e-11            nan]
 [4.19181661e-10            nan]
 [1.89066090e-10            nan]
 [1.02297232e-10            nan]]
index_where_photons_det_z: [  26   33   37   43   44   45  101  102  120  125  131  145  164  173
  188  197  210  247  273  347  361  371  379  408  454  463  478  497
  518  584  618  646  655  668  680  718  720  726  745  751  757  776
  784  828  857  895  899  948  992  998 1047 1048 1061 1102 1105 1124
 1134 1154 1172 1173 1184 1212 1243 1244 1262 1264 1299 1313 1357 1383
 1399 1430 1450 1471 1479 1522 1561 1625 1649 1651 1655 1677 1683 1688
 1706 1726 1733 1768 1775 1827 1830 1843 1844 1864 1890 1897 1919 1933
 1950 1982 1985 2006 2007 2023 2030 2044 2056 2086 2132 2147 2172 2189
 2198 2205 2206 2265 2295 2368 2370 2380 2435 2436 2462 2473 2513 2549
 2553 2575 2588 2623 2664 2691 2696 2697 2711 2751 2786 2805 2818 2832
 2903 2904 2928 2938 2945 2948 2980 2986 2999 3000 3014 3022 3023 3031
 3094 3116 3147 3152 3159 3183 3189 3230 3240 3300 3312 3354 3373 3379
 3382 3411 3439 3440 3479 3495 3521 3527 3530 3546 3570 3573 3607 3608
 3628 3671 3675 3677 3764 3768 3772 3847 3858 3863 3871 3874 3888 3917
 3926 3942 3967 3975 3984 4014 4055 4057 4064 4078 4115 4146 4178 4190
 4201 4228 4233 4241 4255 4265 4278 4280 4292 4368 4380 4414 4418 4434
 4446 4493 4536 4541 4622 4630 4655 4690 4708 4709 4722 4747 4751 4775
 4780 4792 4807 4809 4905 4907 4911 4957]
