n_samples: 200
seed: 624537
non_signal_voltage: {non_signal_voltage}
voltage_decoy: {voltage_decoy}
voltage: {voltage}
voltage_decoy_sup: {voltage_decoy_sup}
voltage_sup: {voltage_sup}
len_wrong_detections_z: 1
len_wrong_detections_x: 1
total_amount_detections: 0
amount_Z_detections: 0
amount_XP_detections: 0
qber: 0
phase_error_rate: 0
raw_key_rate: 0.0
gain_XP_norm: 0.0
gain_XP_dec: 0.0
gain_Z_norm: 0.0
gain_Z_dec: 0.0
calc_mean_photon_nr_eam: [0.69692191 0.72071665 0.70808415 0.66755837 0.10553338 0.74690146
 0.68239226 0.71296137 0.68422509 0.69774296 0.66719153 0.67819892
 0.68760945 0.69350231 0.70546121 0.70120222 0.65795613 0.67880771
 0.65869451 0.7419997  0.69861035 0.66351981 0.72504732 0.69728758
 0.69162307 0.71243612 0.7017097  0.70328949 0.65647498 0.66694681
 0.71574308 0.69821795 0.70218431 0.66453645 0.67342868 0.70134772
 0.69357671 0.69400288 0.6428122  0.6997267  0.70489238 0.66425062
 0.6675732  0.7039265  0.6843766  0.68068003 0.70497922 0.6779593
 0.68117336 0.70854329 0.72721033 0.10215154 0.70296398 0.09979117
 0.65217255 0.67338718 0.69227881 0.66499946 0.66491173 0.72540014
 0.1044041  0.71366213 0.72268817 0.10149016 0.66155539 0.71689538
 0.70762512 0.69236098 0.71201543 0.6990364  0.71789133 0.67958619
 0.73262082 0.71622484 0.74272878 0.70124869 0.73212877 0.71083063
 0.72139698 0.10921601 0.67198033 0.70261102 0.72843006 0.70244317
 0.70979738 0.71569804 0.7442659  0.63243137 0.72863031 0.70189254
 0.69302949 0.7120056  0.69854666 0.09920771 0.65929157 0.72171147
 0.71808758 0.65969711 0.70980702 0.67469591 0.67546295 0.71564292
 0.69209694 0.67130806 0.64948309 0.69069907 0.67716848 0.66602324
 0.67875106 0.66320872 0.74477927 0.65375002 0.7555376  0.64335377
 0.68587983 0.7120846  0.68739288 0.72022803 0.7022175  0.7075901
 0.73051006 0.67428583 0.69181005 0.65060016 0.66513964 0.70571704
 0.68225798 0.65554791 0.75721685 0.6196673  0.68664856 0.67270038
 0.69945538 0.71539867 0.71473052 0.66857127 0.65756572 0.70492718
 0.66426043 0.68117563 0.70553652 0.65487876 0.69950394 0.67201898
 0.70443562 0.67231499 0.10396661 0.70504707 0.6549297  0.69336711
 0.7003386  0.67161658 0.68856604 0.70227348 0.71828334 0.68172284
 0.71346581 0.63782362 0.10270568 0.69051018 0.67851577 0.68361268
 0.70043128 0.68500191 0.7124271  0.73866377 0.67678845 0.6699725
 0.10216303 0.71651887 0.6763588  0.69769584 0.72639624 0.66904764
 0.7031061  0.72755584 0.65569335 0.65471605 0.67991711 0.71546936
 0.66021719 0.10799413 0.10776395 0.67075976 0.6769813  0.67842003
 0.70620447 0.71610918 0.6996367  0.71495678 0.70345087 0.65366364
 0.67424544 0.68791791 0.67314694 0.70825558 0.09468678 0.70924423
 0.68579904 0.66407126]
calc_mean_photon_nr_detector_x: [0.03661355 0.01138473 0.00509673 0.05500437 0.01164368 0.06819237
 0.03164485 0.07521564 0.02480641 0.0637711  0.01006097 0.03169151
 0.03722624 0.00990639 0.03265625 0.03899758 0.00987144 0.00531035
 0.05455516 0.0422793  0.00605607 0.07061501 0.06607752 0.00561069
 0.0576867  0.03930662 0.01040921 0.00551506 0.05436909 0.03365841
 0.01153522 0.00522559 0.06365277 0.03058299 0.02410938 0.07338984
 0.07226764 0.06193834 0.00433853 0.0584784  0.03869399 0.02988062
 0.03518221 0.03269151 0.03543951 0.01098256 0.00504357 0.05636946
 0.03504105 0.00782756 0.06085531 0.02012199 0.05829669 0.00320471
 0.02960256 0.0243689  0.06350934 0.0301979  0.03339855 0.02814957
 0.01054164 0.07545363 0.06025755 0.01043816 0.0296924  0.03984499
 0.00945308 0.01053861 0.03298861 0.03679125 0.01120925 0.00946457
 0.01033624 0.00627214 0.06752463 0.03352104 0.03925751 0.03214819
 0.07658436 0.00592893 0.05580525 0.03761928 0.01079171 0.01017677
 0.00965002 0.00990846 0.00765297 0.05823992 0.01136742 0.01081452
 0.00958148 0.00568558 0.05795858 0.00320366 0.00860713 0.03327995
 0.03940733 0.00967351 0.01110756 0.03160428 0.00964882 0.00632594
 0.07170033 0.06085117 0.02941806 0.02581832 0.07009413 0.05507994
 0.03765017 0.00857098 0.03479875 0.03308558 0.01215876 0.02912968
 0.0715207  0.07467694 0.03573237 0.00664645 0.05869551 0.03771886
 0.00689907 0.06169259 0.03186475 0.03468061 0.00879336 0.00639655
 0.06082443 0.00738627 0.03495568 0.06331623 0.03623751 0.03038466
 0.03655115 0.01029411 0.0075364  0.05963766 0.00798541 0.01131233
 0.00507849 0.07177641 0.06345292 0.00505597 0.06367658 0.00947716
 0.01032489 0.02209507 0.02041008 0.05883184 0.03501728 0.00516774
 0.05851223 0.02458696 0.06271091 0.00907918 0.01115194 0.00931887
 0.03280224 0.06599818 0.00150811 0.01018618 0.00854169 0.03051799
 0.03785003 0.00621565 0.07590731 0.07618515 0.06117588 0.02543925
 0.00265746 0.0757934  0.07029669 0.03579079 0.01191944 0.00557857
 0.07472105 0.06096512 0.06815007 0.06749989 0.02478554 0.065144
 0.02464327 0.00165652 0.00925272 0.06068347 0.03121573 0.03639668
 0.00537469 0.05998132 0.02596786 0.07507774 0.05866421 0.03454984
 0.00920285 0.00665707 0.06222564 0.03243991 0.00353346 0.04020095
 0.00527794 0.06069206]
Z0_sent_norm: 46
Z0_sent_dec: 3
Z1_sent_norm: 49
Z1_sent_dec: 3
XP_sent_norm: 92
XP_sent_dec: 7
execution_time_run: 13.573137998580933
time_simulating_signal: 8.490972995758057
time_eam: 8.790570259094238
