function_used: hist_z
n_samples: None
seed: None
non_signal_voltage: None
voltage_decoy: None
voltage: None
voltage_decoy_sup: None
voltage_sup: None
p_indep_x_states_non_dec: None
p_indep_x_states_dec: None
hist_z: [0 0 0 0 0 0 0 0 0 0 0 0 0 0 0 0 0 0 0 0 0 0 0 0 0 0 0 0 0 0 0 0 0 0 0 0 0
 0 0 0 0 0 0 0 0 0 0 0 0 0 0 0 0 0 0 0 0 0 0 0 0 0 0 0 0 0 0 0 0 0 0 0 0 0
 0 0 0 0 0 0 0 0 0 0 0 0 0 0 0 0 0 0 0 0 0 0 0 0 0 0 0 0 0 0 0 0 0 0 0 0 0
 0 0 0 0 0 0 0 0 0 0 0 0 0 0 0 0 0 0 0 0 0 0 0 0 0 0 0 0 0 0 0 0 0 0 0 0 0
 0 0 0 0 0 0 0 0 0 0 0 0 0 0 0 0 0 0 0 0 0 0 0 0 0 0 0 0 0 0 0 0 0 0 0 0 0
 0 0 0 0 0 0 0 0 0 0 0 0 0 0 0 0 0 0 0 0 0 0 0 0 0 0 0 0 0 0 0 0 0 0 0 0 0
 0 0 0 0 0 0 0 0 0 0 0 0 0 0 0 0 0 0 0 0 0 0 0 0 0 0 0 0 0 0 0 0 0 0 0 0 0
 0 0 0 0 0 0 0 0 0 0 0 0 0 0 0 0 0 0 0 0 0 0 0 0 0 0 0 0 0 0 0 0 0 0 0 0 0
 0 0 0 0 0 0 0 0 0 0 0 0 0 0 0 0 0 0 0 0 0 0 0 0 0 0 0 0 0 0 0 0 0 0 0 0 0
 0 0 0 0 0 0 0 0 0 0 0 0 0 0 0 0 0 0 0 0 0 0 0 0 0 0 0 0 0 0 0 0 0 0 0 0 0
 0 0 0 0 0 0 0 0 0 0 0 0 0 0 0 0 0 0 0 0 0 0 0 0 0 0 0 0 0 0 0 0 0 0 0 0 0
 0 0 0 0 0 0 0 0 0 0 0 0 0 0 0 0 0 0 0 0 0 0 0 0 0 0 0 0 0 0 0 0 0 0 0 0 0
 0 0 0 0 0 0 0 0 0 0 0 0 0 0 0 0 0 0 0 0 0 0 0 0 0 0 0 0 0 0 0 0 0 0 0 0 0
 0 0 0 0 0 0 0 0 0 0 0 0 0 0 0 0 0 0 0 0 0 0 0 0 0 0 0 0 0 0 0 0 0 0 0 0 0
 0 0 0 0 0 0 0 0 0 0 0 0 0 0 0 0 0 0 0 0 0 0 0 0 0 0 0 0 0 0 0 0 0 0 0 0 0
 0 0 0 0 0 0 0 0 0 0 0 0 0 0 0 0 0 0 0 0 0 0 0 0 0 0 0 0 0 0 0 0 0 0 0 0 0
 0 0 0 0 0 0 0 0 0 0 0 0 0 0 0 0 0 0 0 0 0 0 0 0 0 0 0 0 0 0 0 0 0 0 0 0 0
 0 0 0 0 0 0 0 0 0 0 0 0 0 0 0 0 0 0 0 0 0 0 0 0 0 0 0 0 0 0 0 0 0 0 0 0 0
 0 0 0 0 0 0 0 0 0 0 0 0 0 0 0 0 0 0 0 0 0 0 0 0 0 0 0 0 0 0 0 0 0 0 0 0 0
 0 0 0 0 0 0 0 0 0 0 0 0 0 0 0 0 0 0 0 0 0 0 0 0 0 0 0 0 0 0 0 0 0 0 0 0 0
 0 0 0 0 0 0 0 0 0 0 0 0 0 0 0 0 0 0 0 0 0 0 0 0 0 0 0 0 0 0 0 0 0 0 0 0 0
 0 0 0 0 0 0 0 0 0 0 0 0 0 0 0 0 0 0 0 0 0 0 0 0 0 0 0 0 0 0 0 0 0 0 0 0 0
 0 0 0 0 0 0 0 0 0 0 0 0 0 0 0 0 0 0 0 0 0 0 0 0 0 0 0 0 0 0 0 0 0 0 0 0 0
 0 0 0 0 0 0 0 0 0 0 0 0 0 0 0 0 0 0 0 0 0 0 0 0 0 0 0 0 0 0 0 0 0 0 0 0 0
 0 0 0 0 0 0 0 0 0 0 0 0 0 0 0 0 0 0 0 0 0 0 0 0 0 0 0 0 0 0 0 0 0 0 0 0 0
 0 0 0 0 0 0 0 0 0 0 0 0 0 0 0 0 0 0 0 0 0 0 0 0 0 0 0 0 0 0 0 0 0 0 0 0 0
 0 0 0 0 0 0 0 0 0 0 0 0 0 0 0 0 0 0 0 0 0 0 0 0 0 0 0 0 0 0 0 0 0 0 0 0 0
 0 0 0 0 0 0 0 0 0 0 0 0 0 0 0 0 0 0 0 0 0 0 0 0 0 0 0 0 0 0 0 0 0 0 0 0 0
 0 0 0 0 0 0 0 0 0 0 0 0 0 0 0 0 0 0 0 0 0 0 0 0 0 0 0 0 0 0 0 0 0 0 0 0 0
 0 0 0 0 0 0 0 0 0 0 0 0 0 0 0 0 0 0 0 0 0 0 0 0 0 0 0 0 0 0 0 0 0 0 0 0 0]
time_photons_det_z: [[1.57744637e-10            nan]
 [4.12460554e-10            nan]
 [5.33250173e-10            nan]
 [3.74354671e-10            nan]
 [1.33007958e-10            nan]
 [9.52339100e-11            nan]
 [4.29196886e-10            nan]
 [2.18465744e-10            nan]
 [2.64244983e-10            nan]
 [3.87744637e-10            nan]
 [2.23571280e-10            nan]
 [5.03929066e-10            nan]
 [8.25128027e-11            nan]
 [1.10449827e-10            nan]
 [3.13549827e-10            nan]
 [4.91020760e-11            nan]
 [4.61823529e-10            nan]
 [4.68118339e-10            nan]
 [5.05544983e-10            nan]
 [5.42655363e-10            nan]
 [3.96549481e-10            nan]
 [1.05391695e-10            nan]
 [5.17597578e-10            nan]
 [4.55239100e-10            nan]
 [4.08702422e-10            nan]
 [5.49155709e-10            nan]
 [4.36807612e-10            nan]
 [1.22786851e-10            nan]
 [           nan 2.41955709e-10]
 [2.05602768e-10            nan]
 [3.59717993e-10            nan]
 [5.09255709e-10            nan]
 [4.97797578e-10            nan]
 [1.16334256e-10            nan]
 [4.73402768e-10            nan]
 [1.11002422e-10            nan]
 [1.15292042e-10            nan]
 [9.19602076e-11            nan]
 [1.68634602e-10            nan]
 [4.93097232e-10            nan]
 [4.97392388e-10            nan]
 [2.46897924e-10            nan]
 [4.83334256e-10            nan]
 [1.19844291e-10            nan]
 [1.14212803e-10            nan]
 [2.06676125e-10            nan]
 [9.00446367e-11            nan]
 [1.68155363e-10            nan]
 [1.52502422e-10            nan]
 [1.48008305e-10            nan]
 [1.39644637e-10            nan]
 [4.48891695e-10            nan]
 [9.24757785e-11            nan]
 [4.41313495e-10            nan]
 [1.75608305e-10            nan]
 [5.23697924e-10            nan]
 [4.82270934e-10            nan]
 [4.15592042e-10            nan]
 [1.58460554e-10            nan]
 [2.41634948e-10            nan]
 [1.07050173e-10            nan]
 [5.00676471e-10            nan]
 [4.59223529e-10            nan]
 [1.18476125e-10            nan]
 [2.47660208e-10            nan]
 [5.02328720e-10            nan]
 [4.02655017e-10            nan]
 [4.52297578e-10            nan]
 [1.59470934e-10            nan]
 [4.88881315e-10            nan]
 [1.65408305e-10            nan]
 [1.17702421e-11            nan]
 [3.09844983e-10            nan]
 [1.74413149e-10            nan]
 [5.34055363e-10            nan]
 [           nan 5.20702768e-10]
 [5.48476817e-10            nan]
 [1.14865398e-10            nan]
 [4.87871280e-10            nan]
 [1.14023183e-10            nan]
 [4.43881661e-10            nan]
 [3.00442906e-11            nan]
 [           nan 4.28250173e-10]
 [1.10807612e-10            nan]
 [3.55533910e-10            nan]
 [4.75465744e-10            nan]
 [6.37283736e-11            nan]
 [1.84813495e-10            nan]
 [4.70755363e-10            nan]
 [1.30081315e-10            nan]
 [2.15529412e-10            nan]
 [1.47160208e-10            nan]
 [1.13718339e-10            nan]
 [           nan 2.38923529e-10]
 [2.56871626e-10            nan]
 [4.47634256e-10            nan]
 [2.27118685e-10            nan]
 [2.56219031e-10            nan]
 [1.62676125e-10            nan]
 [4.99307958e-10            nan]
 [1.27723875e-10            nan]
 [9.90287197e-11            nan]
 [4.81218339e-10            nan]
 [5.88968857e-11            nan]
 [5.72408305e-10            nan]
 [1.25570934e-10            nan]
 [1.76850173e-10            nan]
 [3.57023183e-10            nan]
 [3.70144637e-10            nan]
 [1.36865744e-10            nan]
 [5.12676471e-10            nan]
 [4.28155363e-10            nan]
 [4.19807612e-10            nan]
 [1.14613149e-10            nan]
 [8.18598615e-11            nan]
 [3.69039446e-10            nan]
 [0.00000000e+00            nan]
 [3.63123183e-10            nan]
 [1.99507958e-10            nan]
 [1.37170934e-10            nan]
 [4.92818685e-10            nan]
 [1.31002768e-10            nan]
 [1.69981661e-10            nan]
 [1.14802422e-10            nan]
 [8.92339100e-11            nan]
 [4.23813148e-11            nan]
 [5.13387197e-10            nan]
 [4.10086505e-10            nan]
 [           nan 4.29760208e-10]
 [5.62755709e-10            nan]
 [           nan 7.24024221e-11]
 [3.87860208e-10            nan]
 [4.43749827e-10            nan]
 [4.92092042e-10            nan]
 [4.80076471e-10            nan]
 [4.93060554e-10            nan]
 [1.61444983e-10            nan]
 [1.31339446e-10            nan]
 [1.61439100e-10            nan]
 [4.51528720e-10            nan]
 [1.79513149e-10            nan]
 [1.72339446e-10            nan]
 [3.68828720e-10            nan]
 [4.26960554e-10            nan]
 [4.20555017e-10            nan]
 [4.44323875e-10            nan]
 [4.30549827e-10            nan]
 [4.87266090e-10            nan]
 [1.06529066e-10            nan]
 [           nan 4.06275778e-10]
 [5.29345329e-10            nan]
 [4.46839446e-10            nan]
 [4.58776471e-10            nan]
 [5.11892388e-10            nan]
 [4.45855017e-10            nan]
 [5.16182007e-10            nan]
 [4.41939446e-10            nan]
 [1.02844637e-10            nan]
 [1.34970934e-10            nan]
 [1.60450173e-10            nan]
 [4.46055363e-10            nan]
 [5.91066436e-10            nan]
 [4.96686851e-10            nan]
 [4.28744983e-10            nan]
 [3.39976125e-10            nan]
 [5.49302768e-10            nan]
 [4.63197578e-10            nan]
 [4.28376125e-10            nan]
 [9.74550173e-11            nan]
 [1.43776471e-10            nan]
 [2.31576817e-10            nan]
 [1.56118685e-10            nan]
 [1.92849827e-10            nan]
 [3.71901730e-10            nan]
 [2.00503114e-10            nan]
 [3.13576471e-10 1.05813149e-10]
 [4.92534602e-10            nan]
 [4.37786851e-10            nan]
 [1.36070934e-10            nan]
 [1.33402422e-10            nan]
 [4.33423529e-10            nan]
 [1.85660900e-10            nan]
 [1.18192042e-10            nan]
 [5.64813841e-10            nan]
 [4.89681661e-10            nan]
 [1.37865744e-10            nan]
 [1.46602422e-10            nan]
 [9.21709342e-11            nan]
 [1.31134602e-10            nan]
 [4.86028720e-10            nan]
 [4.19660208e-10            nan]
 [           nan 2.32934602e-10]
 [5.22339792e-10            nan]
 [2.08487197e-10            nan]
 [3.84870934e-10            nan]
 [4.15260554e-10            nan]
 [5.15123875e-10            nan]
 [1.95013495e-10            nan]
 [5.00355363e-10            nan]
 [1.67192042e-10            nan]
 [1.23355017e-10            nan]
 [1.83292042e-10            nan]
 [8.23134949e-11            nan]
 [2.03945329e-10            nan]
 [1.15870588e-10            nan]
 [2.47182007e-10            nan]
 [1.77413149e-10            nan]
 [5.20023875e-10            nan]
 [7.03813148e-11            nan]
 [           nan 2.40108305e-10]
 [3.82660208e-10            nan]
 [4.32944637e-10            nan]
 [2.42318685e-10            nan]
 [1.75149827e-10            nan]
 [4.54292042e-10            nan]
 [1.22428720e-10            nan]
 [4.79470934e-10            nan]
 [           nan 5.42502768e-10]
 [1.77412803e-10            nan]
 [4.88655017e-10            nan]
 [4.84987197e-10            nan]
 [4.60476471e-10            nan]
 [           nan 1.17323875e-10]
 [4.65723529e-10            nan]
 [1.85081661e-10            nan]
 [           nan 1.49555363e-10]
 [5.39455709e-10            nan]
 [1.68371280e-10            nan]
 [           nan 4.70618685e-10]
 [2.08460900e-10            nan]
 [5.56066090e-10            nan]
 [1.59050173e-10            nan]
 [7.85550173e-11            nan]
 [3.88986505e-10            nan]
 [4.41539446e-10            nan]
 [1.00344637e-10            nan]
 [4.48602768e-10            nan]
 [4.74318685e-10            nan]
 [1.45697578e-10            nan]
 [4.66928720e-10            nan]
 [6.67076124e-11            nan]
 [1.75544637e-10            nan]
 [5.03318685e-10            nan]
 [2.15165398e-10            nan]
 [5.03386851e-10            nan]]
index_where_photons_det_z: [  52   86  103  125  127  196  253  282  297  299  312  326  334  363
  400  405  407  430  464  482  506  550  554  557  590  593  620  639
  642  657  677  679  695  732  737  790  792  837  843  857  859  873
  881  940  945  961  984 1048 1114 1120 1141 1160 1164 1169 1203 1208
 1226 1241 1263 1269 1344 1351 1391 1413 1480 1487 1489 1492 1507 1532
 1534 1543 1550 1614 1621 1633 1655 1665 1678 1717 1733 1737 1757 1776
 1777 1778 1780 1828 1927 1938 2025 2052 2094 2136 2143 2179 2229 2242
 2243 2258 2283 2325 2330 2340 2356 2361 2362 2384 2426 2454 2461 2495
 2498 2518 2544 2549 2552 2582 2667 2677 2687 2691 2697 2698 2718 2748
 2750 2761 2779 2792 2802 2828 2894 2903 2921 2938 2940 2952 3025 3044
 3117 3120 3122 3136 3167 3169 3218 3284 3295 3307 3322 3344 3359 3368
 3395 3398 3410 3429 3436 3442 3448 3467 3476 3486 3497 3503 3505 3518
 3523 3543 3546 3556 3567 3580 3600 3624 3677 3682 3718 3745 3750 3780
 3786 3802 3827 3829 3850 3864 3870 3971 3992 3994 3998 4006 4026 4027
 4034 4039 4055 4084 4149 4164 4190 4195 4200 4201 4212 4217 4239 4257
 4273 4310 4314 4345 4364 4368 4403 4409 4455 4461 4465 4468 4485 4511
 4524 4534 4562 4567 4586 4587 4619 4633 4659 4730 4753 4806 4823 4828
 4845 4880 4887 4936 4945 4964 4982]
