function_used: hist_z
n_samples: None
seed: None
non_signal_voltage: None
voltage_decoy: None
voltage: None
voltage_decoy_sup: None
voltage_sup: None
p_indep_x_states_non_dec: None
p_indep_x_states_dec: None
hist_z: [ 0  0  0  2  7  2  9 13  6  7  4  1  0  0  0  0  0  0  0  0  0  0  0  0
  0  0  0  0  0  0  0  0  0  2 11 10 17 27 17  5  8  0  1  0  0  1  0  0
  0  0  0  1  0  0  0  0  0  0  0  0  0  0  0  0  2  0  0  0  0  0  0  0
  0  0  1  0  1  4  2  9 10 21 30 20 15  7  3  0  1  3  0  0  0  5 12 19
 31 35 28 21  6  1  2  0  2  0  0  0  0  0  0  3  0  0  0  0  0  0  0  0
  3  0  1  2  8 16 22 28 21 11  8  2  2  0  2  2  1  2  1  1 10 20 23 26
 13  9  1  0  0  1  0  0  0  3  8 20 22 18 17 11  5  2  1  0  0  0  1  0
  0  0  1  0  0  0  0  0  0  0  0  0  0  0  0  0  2  0  0  0  0  0  0  0
  0  0  0  0  1  0  0  0  0  0  0  0  0  0  0  0  0  0  0  0  0  0  1  0
  1  2  2  2  0  0  0  0  0  0  0  0  0  0  1  0  0  0  0  0  0  0  0  0
  0  0  0  0  0  0  0  0  0  0  0  0  0  0  0  0  0  0  0  0  0  0  0  0
  2  0  0  0  0  0  0  0  0  1  0  4  2  5  4  0  1  0  0  0  0  0  0  0
  0  0  0  0  0  0  0  0  0  0  0  0  0  1  0  0  0  0  0  0  0  0  0  0
  0  0  0  0  0  0  0  0  0  0  1  0  1  1  0  0  0  0  0  0  0  0  1  0
  0  0  0  0  0  0  0  0  1  0  2  1  3  6  5 11 13 10 12  3  3  0  1  0
  0  0  0  0  1  0  0  0  0  0  0  0  0  0  0  0  2  0  8  8 17 43 41 24
 17 11  4  1  0  1  5  1  1  2  3  8 26 27 21 16  7  3  1  0  0  0  1  2
  1  1 16 27 20 14 13  2  0  0  0  4  0  0  0  0  0  0  0  0  0  0  0  0
  0  0  0  0  1  1  4  6 11 19 26 19 10  7  3  3  0  1  0  0  0  0  0  0
  0  0  3  0  0  0  0  0  0  0  1  0  0  0  0  0  0  0  0  0  0  0  0  0
  0  0  0  0  0  0  0  0  0  0  0  0  0  0  0  0  0  0  0  0  0  0  0  2
  4  0  0  0  0  0  0  0  0  0  0  0  0  0  0  0  0  0  0  0  0  0  0  0
  1  0  0  0  0  0  0  0  0  0  0  0  0  0  0  0  0  0  0  0  0  0  0  0
  0  0  0  0  0  0  2  0  0  1  3  1  0  0  0  0  0  0  0  1  0  0  0  0
  0  0  0  1  0  0  0  0  0  0  0  0  0  0  0  0  1  0  0  1  0  0  2  1
  2  0  0  1  5 11 22 25 20 17  4  0  1  0  0  1  0  2  0  3 10 27 26 23
 19  8  1  0  0  2  1  1  0  1  6 18 25 28 23 18  6  1  0  0  0  1  0  2
  0  3 17 20 29 19 20 10  2  0  0  0  0  0  0  0  0  0  0  0  2  0  0  0
  0  0  0  0  0  0  0  0  0  0  0  0  0  0  0  0  0  0  0  0  0  0  1  0
  3  3  1  1  0  0  0  0  0  0  0  0  0  1  2  3  1  1  1  1  0  0  0  0
  0  0  0  0  0  0  0  0  0  0  0  0  0  0  0  0  0  0  1  0  0  0  2  0
  1  0  0  0  0  0  0  0  0  0  1  1  3  6  3  2  1  0  0  0  0  0  0  0
  0  1  0  7  7  5  3  1  0  0  0  0  0  0  0  0  0  0  0  0  0  1  0  0
  0  0  0  0  0  0  0  0  0  0  2  0  1  0  0  0  0  1  0  0  0  0  0  0
  0  0  0  0  0  0  0  0  0  0  0  0  0  0  0  0  0  0  0  0  0  0  0  0
  0  0  0  0  0  0  0  0  0  0  0  0  0  0  0  0  0  0  0  0  0  0  0  0
  0  0  0  0  0  0  0  0  0  0  0  0  0  0  0  0  0  0  0  0  0  0  0  0
  0  0  0  0  0  0  0  0  0  0  0  0  0  0  0  0  0  0  0  0  1  0  0  0
  0  0  0  0  0  0  0  0  0  0  0  0  0  0  0  0  0  0  0  0  0  0  0  0
  0  0  0  0  0  0  0  0  0  0  0  0  0  0  0  0  0  0  0  0  0  0  0  0
  0  0  0  0  0  0  0  0  0  0  0  0  0  0  0  0  0  0  0  0  0  0  0  0
  0  0  0  0  0  0  0  0  0  0  0  0  0  0  0  0  0  0  0  0  0  0  0  0
  0  0  0  0  0  0  0  0  0  0  0  0  0  0  0  0  0  0  0  0  0  0  0  0
  0  0  0  0  0  0  0  0  0  0  0  0  0  0  0  0  0  0  0  0  0  0  0  0
  0  0  0  0  0  0  0  0  0  0  0  0  0  0  0  0  0  0  0  0  0  0  0  0
  0  0  0  0  2  1  1  2  0  1  0  0  0  0  0  1  1  0  0  0  0  0  0  0
  0  0  0  0  0  0]
hist_z_sum: 1995
time_photons_det_z: [[4.94040242e-10            nan]
 [4.61512353e-10            nan]
 [6.12269723e-10            nan]
 [4.29430277e-10            nan]
 [1.53290830e-10            nan]
 [1.89384464e-10 5.11687647e-10]
 [1.94372907e-10            nan]
 [5.13562941e-10            nan]
 [4.52709170e-10            nan]
 [1.52937059e-10            nan]
 [4.78731869e-10            nan]
 [4.46522318e-10            nan]
 [1.91884464e-10            nan]
 [4.67451384e-10            nan]
 [1.18146609e-10            nan]
 [3.30576090e-10            nan]
 [4.93148201e-10            nan]
 [4.37312353e-10            nan]
 [1.85074498e-10            nan]
 [2.33248201e-10            nan]
 [1.35017128e-10            nan]
 [4.24758166e-10            nan]
 [4.69205571e-10            nan]
 [1.96715536e-10            nan]
 [1.30002388e-10            nan]
 [1.15566125e-10            nan]
 [           nan 4.87525502e-10]
 [4.51679689e-10            nan]
 [4.88172907e-10            nan]
 [5.77815536e-10            nan]
 [4.27341834e-10            nan]
 [4.42672907e-10            nan]
 [1.48166540e-10            nan]
 [5.26097612e-10            nan]
 [3.88894429e-10            nan]
 [4.77066540e-10            nan]
 [2.01350208e-10            nan]
 [1.48871315e-10            nan]
 [1.49520727e-10            nan]
 [1.07428685e-10            nan]
 [4.51725502e-10            nan]
 [4.78546609e-10            nan]
 [9.65828720e-11            nan]
 [1.08299204e-10            nan]
 [1.71558166e-10            nan]
 [5.55112353e-10 4.34903979e-10]
 [1.48869723e-10            nan]
 [4.72102388e-10            nan]
 [1.36543426e-10            nan]
 [4.16069723e-10            nan]
 [4.65986055e-10            nan]
 [4.17397612e-10            nan]
 [1.76458166e-10            nan]
 [4.58602388e-10            nan]
 [4.91638651e-10            nan]
 [3.33731869e-10            nan]
 [8.33713149e-11            nan]
 [5.32987647e-10            nan]
 [4.60803979e-10            nan]
 [           nan 4.36286055e-10]
 [5.10174498e-10            nan]
 [4.40089239e-10            nan]
 [5.19040242e-10            nan]
 [           nan 4.49490830e-10]
 [8.95386505e-11            nan]
 [4.60315536e-10            nan]
 [1.41484464e-10            nan]
 [1.34227093e-10            nan]
 [1.25574498e-10            nan]
 [4.69858166e-10            nan]
 [6.02802388e-10            nan]
 [1.71699204e-10            nan]
 [1.38928685e-10            nan]
 [4.21284464e-10            nan]
 [5.42403979e-10            nan]
 [1.28862941e-10            nan]
 [1.89400796e-10            nan]
 [1.78907578e-10            nan]
 [4.81436644e-10            nan]
 [4.34056574e-10            nan]
 [5.19540242e-10            nan]
 [1.84576090e-10            nan]
 [4.61461349e-10            nan]
 [3.98920311e-10            nan]
 [1.42113945e-10            nan]
 [4.41427093e-10            nan]
 [1.49486055e-10            nan]
 [2.13099204e-10            nan]
 [4.11559758e-10            nan]
 [1.22779689e-10            nan]
 [8.50533910e-11            nan]
 [4.77528685e-10            nan]
 [1.68728685e-10            nan]
 [4.24413945e-10            nan]
 [4.96199204e-10            nan]
 [4.79069723e-10            nan]
 [1.68469723e-10            nan]
 [1.90848201e-10            nan]
 [           nan 4.96756574e-10]
 [5.02876090e-10            nan]
 [5.05076090e-10            nan]
 [2.19867716e-10            nan]
 [4.70230277e-10            nan]
 [1.55968131e-10            nan]
 [1.86338235e-10            nan]
 [1.44556574e-10            nan]
 [4.65708754e-10            nan]
 [1.64051799e-10            nan]
 [4.29225502e-10            nan]
 [4.21471315e-10            nan]
 [1.54082872e-10            nan]
 [1.12943426e-10            nan]
 [4.36112353e-10            nan]
 [4.48797612e-10            nan]
 [1.23759758e-10            nan]
 [1.25815536e-10            nan]
 [9.91776817e-11            nan]
 [1.40507578e-10            nan]
 [4.79631869e-10            nan]
 [4.39562941e-10            nan]
 [4.80330277e-10            nan]
 [4.29302388e-10            nan]
 [1.66743426e-10            nan]
 [4.84572907e-10            nan]
 [1.20241834e-10            nan]
 [           nan 1.84600796e-10]
 [4.62825502e-10            nan]
 [           nan 4.22337059e-10]
 [1.98768131e-10            nan]
 [4.26386055e-10            nan]
 [2.16181280e-10            nan]
 [4.11689239e-10            nan]
 [1.69612353e-10            nan]
 [4.78254983e-10            nan]
 [4.01512353e-10            nan]
 [4.43843426e-10            nan]
 [4.31743426e-10            nan]
 [5.13315536e-10            nan]
 [2.11382872e-10            nan]
 [1.86884464e-10            nan]
 [1.87261349e-10            nan]
 [1.83345017e-10            nan]
 [4.68522318e-10            nan]
 [4.97886055e-10            nan]
 [1.70317128e-10            nan]
 [4.52715536e-10            nan]
 [1.72012353e-10            nan]
 [1.45997612e-10            nan]
 [4.87143426e-10            nan]
 [7.68976125e-11            nan]
 [4.66828685e-10            nan]
 [3.40687647e-10            nan]
 [7.15434256e-11            nan]
 [3.54899204e-10            nan]
 [5.03196021e-10            nan]
 [           nan 1.08374498e-10]
 [1.35341834e-10            nan]
 [5.15587647e-10            nan]
 [5.98762941e-10            nan]
 [9.58613495e-11            nan]
 [2.25221903e-10            nan]
 [4.33786055e-10            nan]
 [8.65657439e-12            nan]
 [4.61272907e-10            nan]
 [2.12922318e-10            nan]
 [1.32913945e-10            nan]
 [4.41551799e-10            nan]
 [1.37259758e-10            nan]
 [4.73169723e-10            nan]
 [5.36958166e-10            nan]
 [5.14927093e-10            nan]
 [1.83435467e-10            nan]
 [4.87654983e-10            nan]
 [1.07715536e-10            nan]
 [2.11527093e-10            nan]
 [1.38246609e-10            nan]
 [1.54369723e-10            nan]
 [4.43641834e-10            nan]
 [4.02845017e-10            nan]
 [1.83759758e-10            nan]
 [2.05271315e-10            nan]
 [1.42045017e-10            nan]
 [5.07005571e-10            nan]
 [4.84930277e-10            nan]
 [4.22279689e-10            nan]
 [1.24945017e-10            nan]
 [1.84674498e-10            nan]
 [1.65094429e-10            nan]
 [           nan 1.42451384e-10]
 [4.94845017e-10            nan]
 [1.32897612e-10            nan]
 [4.59866540e-10            nan]
 [1.78651799e-10            nan]
 [4.44941834e-10            nan]
 [4.24205571e-10            nan]
 [4.40512353e-10            nan]
 [4.99530277e-10            nan]
 [1.48823910e-10            nan]
 [1.66602388e-10            nan]
 [4.69928685e-10            nan]
 [1.98878097e-10            nan]
 [1.44930277e-10            nan]
 [4.56654983e-10            nan]
 [4.52668131e-10            nan]
 [8.31581661e-11            nan]
 [1.08427093e-10            nan]
 [1.43161349e-10            nan]
 [4.69668131e-10            nan]
 [4.42031869e-10            nan]
 [4.67258166e-10            nan]
 [8.04255017e-11            nan]
 [5.18977682e-10            nan]
 [4.05659758e-10            nan]
 [1.02263356e-10            nan]
 [1.08878097e-10            nan]
 [3.74581280e-10            nan]
 [4.28158166e-10            nan]
 [1.18096021e-10            nan]
 [3.54087647e-10            nan]
 [1.72869723e-10            nan]
 [4.62838651e-10            nan]
 [3.90086055e-10            nan]
 [4.44233460e-10            nan]
 [1.75422318e-10            nan]
 [1.87394429e-10            nan]
 [1.29645017e-10            nan]
 [           nan 4.05158166e-10]
 [4.67133460e-10            nan]
 [1.36746609e-10            nan]
 [2.49131869e-10            nan]
 [2.01012353e-10            nan]
 [1.06115536e-10            nan]
 [5.13338651e-10            nan]
 [4.41059758e-10            nan]
 [1.52254983e-10            nan]
 [1.49487647e-10            nan]
 [4.69571315e-10            nan]
 [4.23712353e-10            nan]
 [2.02597612e-10            nan]
 [1.48223910e-10            nan]
 [1.50562941e-10            nan]
 [4.61745017e-10            nan]
 [1.33941834e-10            nan]
 [5.21284464e-10            nan]
 [1.75720311e-10            nan]
 [5.18905986e-10            nan]
 [           nan 1.77687647e-10]
 [1.43354983e-10            nan]
 [1.46822318e-10            nan]
 [4.60603979e-10            nan]
 [1.72203979e-10            nan]
 [2.00769723e-10            nan]
 [4.45272907e-10            nan]
 [           nan 4.59231869e-10]
 [1.13972907e-10            nan]
 [4.27986055e-10            nan]
 [4.77090830e-10            nan]
 [5.05172907e-10            nan]
 [2.49005571e-10            nan]
 [4.04868131e-10            nan]
 [4.69449792e-10            nan]
 [1.04969723e-10            nan]
 [1.23769723e-10            nan]
 [4.34192422e-10            nan]
 [2.35415536e-10            nan]
 [1.27838651e-10            nan]
 [4.28627093e-10            nan]
 [4.97181280e-10            nan]
 [1.39603979e-10            nan]
 [5.30892422e-10            nan]
 [4.53000796e-10            nan]
 [1.81858166e-10            nan]
 [4.58930277e-10            nan]
 [5.16640242e-10            nan]
 [1.75871315e-10            nan]
 [5.23923910e-10            nan]
 [1.34143426e-10            nan]
 [1.27340242e-10            nan]
 [1.51464533e-10            nan]
 [4.94389239e-10            nan]
 [1.54431869e-10            nan]
 [1.34354983e-10            nan]
 [1.44151799e-10            nan]
 [4.47220311e-10            nan]
 [1.62462941e-10            nan]
 [1.41730277e-10            nan]
 [8.39302768e-11            nan]
 [1.37553391e-10            nan]
 [5.08248201e-10            nan]
 [           nan 1.49791246e-10]
 [4.40769723e-10            nan]
 [4.53284464e-10            nan]
 [5.17431869e-10            nan]
 [4.95158166e-10            nan]
 [           nan 1.26118720e-10]
 [1.37971315e-10            nan]
 [4.30468131e-10            nan]
 [1.78356574e-10            nan]
 [4.41833460e-10            nan]
 [1.62282872e-10            nan]
 [4.52148616e-10            nan]
 [1.64474498e-10            nan]
 [3.28028685e-10            nan]
 [1.74115536e-10            nan]
 [4.57728685e-10            nan]
 [           nan 4.82030277e-10]
 [4.67727093e-10            nan]
 [4.45628685e-10            nan]
 [1.77843426e-10            nan]
 [1.48227093e-10            nan]
 [2.15187647e-10            nan]
 [4.34287647e-10            nan]
 [3.64712353e-10            nan]
 [1.37331869e-10            nan]
 [4.86376090e-10            nan]
 [1.94289239e-10            nan]
 [5.11871315e-10            nan]
 [1.40703979e-10            nan]
 [1.40703979e-10            nan]
 [5.00203979e-10            nan]
 [4.40625502e-10            nan]
 [4.71854983e-10            nan]
 [4.42190830e-10            nan]
 [4.66864533e-10            nan]
 [5.00287647e-10            nan]
 [4.72535052e-10            nan]
 [4.59854983e-10            nan]
 [5.18090830e-10            nan]
 [4.34541834e-10            nan]
 [1.38713945e-10            nan]
 [1.34982872e-10            nan]
 [           nan 4.64777682e-10]
 [4.14682872e-10            nan]
 [1.27756574e-10 4.36359758e-10]
 [4.73054983e-10            nan]
 [1.18210761e-10            nan]
 [4.84056574e-10            nan]
 [1.18561349e-10            nan]
 [4.40543426e-10            nan]
 [4.59758166e-10            nan]
 [4.61317128e-10            nan]
 [1.71356574e-10            nan]
 [5.03607578e-10            nan]
 [4.59617128e-10            nan]
 [4.60972907e-10            nan]
 [1.88872907e-10            nan]
 [1.32240242e-10            nan]
 [           nan 7.57812803e-11]
 [5.04327093e-10            nan]
 [4.21613945e-10            nan]
 [           nan 1.77141834e-10]
 [1.64956574e-10            nan]
 [           nan 4.86020311e-10]
 [4.53571315e-10            nan]
 [4.44654983e-10            nan]
 [4.89530277e-10            nan]
 [2.55620311e-10            nan]
 [1.41086055e-10            nan]
 [           nan 4.25409170e-10]
 [3.93179689e-10            nan]
 [1.59399204e-10            nan]
 [1.01756574e-10            nan]
 [1.65618720e-10            nan]
 [1.91899204e-10            nan]
 [1.44158166e-10            nan]
 [3.89428685e-10            nan]
 [4.34658166e-10            nan]
 [1.87568131e-10            nan]
 [1.15658166e-10            nan]
 [1.94620311e-10            nan]
 [1.25968131e-10            nan]
 [4.64230277e-10            nan]
 [4.42012353e-10            nan]
 [1.73772907e-10            nan]
 [4.87430277e-10            nan]
 [           nan 4.75315536e-10]
 [5.12325502e-10            nan]
 [1.86981280e-10            nan]
 [1.65189239e-10            nan]
 [1.50731869e-10            nan]
 [2.40903979e-10            nan]
 [4.28871315e-10            nan]
 [1.33330277e-10            nan]
 [1.13748201e-10            nan]
 [5.09335052e-10            nan]
 [1.38984464e-10            nan]
 [2.13454983e-10            nan]
 [4.97812353e-10            nan]
 [1.12896021e-10            nan]
 [1.87840242e-10            nan]
 [1.32140242e-10            nan]
 [1.55225502e-10            nan]
 [4.70248201e-10            nan]
 [1.23443426e-10            nan]
 [1.62630277e-10            nan]
 [1.60987647e-10            nan]
 [4.11297612e-10            nan]
 [4.47112353e-10            nan]
 [4.37153391e-10            nan]
 [4.35400796e-10            nan]
 [4.71040242e-10            nan]
 [4.11554983e-10            nan]
 [1.62151799e-10            nan]
 [8.51239100e-11            nan]
 [1.27845017e-10            nan]
 [4.66168131e-10            nan]
 [           nan 1.15904394e-10]
 [4.32771315e-10            nan]
 [           nan 3.01812353e-10]
 [1.07541834e-10            nan]
 [5.01710761e-10            nan]
 [4.66540242e-10            nan]
 [4.39767716e-10            nan]
 [4.30307163e-10            nan]
 [5.08154983e-10            nan]
 [4.87056574e-10            nan]
 [1.71759758e-10            nan]
 [1.52130277e-10            nan]
 [1.46148201e-10            nan]
 [2.07531869e-10            nan]
 [4.52541834e-10            nan]
 [1.75558166e-10            nan]
 [1.91600796e-10            nan]
 [5.07605571e-10            nan]
 [2.16133460e-10            nan]
 [4.97054983e-10            nan]
 [3.83479689e-10            nan]
 [1.36758166e-10            nan]
 [           nan 4.44090830e-10]
 [           nan 4.49499204e-10]
 [1.58971315e-10            nan]
 [2.16374498e-10            nan]
 [4.58264948e-10            nan]
 [4.46022318e-10            nan]
 [4.75971315e-10            nan]
 [1.30838651e-10            nan]
 [1.45071315e-10            nan]
 [4.22305986e-10            nan]
 [1.06092422e-10            nan]
 [4.49619135e-10            nan]
 [1.43343426e-10            nan]
 [4.45484464e-10            nan]
 [4.18551799e-10            nan]
 [4.52727093e-10            nan]
 [4.95900796e-10            nan]
 [4.14269723e-10            nan]
 [           nan 9.97860554e-11]
 [2.08318720e-10            nan]
 [           nan 4.46377682e-10]
 [4.72603979e-10            nan]
 [1.74617128e-10            nan]
 [3.43867716e-10            nan]
 [4.45758166e-10            nan]
 [1.81805571e-10            nan]
 [1.98572907e-10            nan]
 [1.63262941e-10            nan]
 [4.55218720e-10            nan]
 [4.38890830e-10            nan]
 [5.64815536e-10            nan]
 [           nan 4.77103979e-10]
 [8.64581661e-11 4.22684464e-10]
 [3.98199204e-10            nan]
 [4.92443426e-10            nan]
 [4.40874498e-10            nan]
 [4.48530277e-10            nan]
 [1.21586055e-10            nan]
 [4.49913945e-10            nan]
 [4.88858166e-10            nan]
 [6.12197612e-10            nan]
 [1.76925502e-10            nan]
 [4.57925502e-10            nan]
 [1.71472907e-10            nan]
 [4.14200796e-10            nan]
 [5.00199204e-10            nan]
 [4.95469723e-10            nan]
 [1.62766540e-10            nan]
 [1.12307578e-10            nan]
 [1.82521903e-10            nan]
 [1.65815536e-10            nan]
 [5.01453391e-10            nan]
 [4.07879689e-10            nan]
 [4.38812353e-10            nan]
 [3.56064948e-10            nan]
 [1.51840242e-10            nan]
 [1.68745017e-10            nan]
 [4.73718720e-10            nan]
 [           nan 1.66172907e-10]
 [1.58315536e-10            nan]
 [           nan 1.62566540e-10]
 [1.56392422e-10            nan]
 [4.14017128e-10            nan]
 [4.51040242e-10            nan]
 [1.54451384e-10            nan]
 [5.29274498e-10            nan]
 [1.74889239e-10            nan]
 [4.31415536e-10            nan]
 [4.52782872e-10            nan]
 [1.33838651e-10            nan]
 [1.80400796e-10            nan]
 [3.69915536e-10            nan]
 [1.26459758e-10            nan]
 [3.22441834e-10            nan]
 [1.00168131e-10            nan]
 [1.15425502e-10            nan]
 [2.07715536e-10            nan]
 [4.51472907e-10            nan]
 [4.93154983e-10            nan]
 [4.48412353e-10            nan]
 [9.95502076e-11            nan]
 [1.96927093e-10            nan]
 [4.72618720e-10            nan]
 [9.07039792e-11            nan]
 [1.15846609e-10            nan]
 [1.19556574e-10            nan]
 [9.83992042e-11            nan]
 [5.39586055e-10            nan]
 [1.59738651e-10            nan]
 [4.87768131e-10            nan]
 [5.00297612e-10            nan]
 [4.39304394e-10            nan]
 [9.67255017e-11            nan]
 [4.26787647e-10            nan]
 [8.50171280e-11            nan]
 [1.38299204e-10            nan]
 [1.18599204e-10            nan]
 [1.72143426e-10            nan]
 [4.53438651e-10            nan]
 [1.84158166e-10            nan]
 [3.88302388e-10            nan]
 [           nan 4.48966540e-10]
 [4.44494014e-10            nan]
 [5.98345017e-10            nan]
 [2.12625502e-10            nan]
 [1.35603979e-10            nan]
 [1.46590830e-10            nan]
 [4.44241834e-10            nan]
 [2.46251799e-10            nan]
 [1.56053391e-10            nan]
 [4.89240242e-10            nan]
 [1.05086055e-10            nan]
 [9.86286851e-11            nan]
 [5.07643426e-10            nan]
 [1.50259758e-10            nan]
 [           nan 4.61351799e-10]
 [9.41833909e-13            nan]
 [4.33058166e-10            nan]
 [1.81564533e-10            nan]
 [2.90212353e-10            nan]
 [1.27396021e-10            nan]
 [1.27900796e-10            nan]
 [1.87754983e-10            nan]
 [5.26454983e-10            nan]
 [1.45274498e-10            nan]
 [1.65158166e-10            nan]
 [1.27484464e-10            nan]
 [4.39394429e-10            nan]
 [4.31158166e-10            nan]
 [4.74627093e-10            nan]
 [4.16507578e-10            nan]
 [1.62184464e-10            nan]
 [4.53276090e-10            nan]
 [           nan 4.73817128e-10]
 [1.97782872e-10            nan]
 [1.38469723e-10            nan]
 [5.08996021e-10            nan]
 [2.34082872e-10            nan]
 [9.51123529e-11            nan]
 [1.23512353e-10            nan]
 [1.58515536e-10            nan]
 [1.68013945e-10            nan]
 [1.56969723e-10            nan]
 [           nan 1.67853391e-10]
 [4.89722318e-10 1.68869723e-10]
 [3.93440242e-10            nan]
 [1.92212353e-10            nan]
 [1.87238651e-10            nan]
 [1.46213945e-10            nan]
 [           nan 1.42153391e-10]
 [1.40791246e-10            nan]
 [1.51289239e-10            nan]
 [3.59951799e-10 5.03600796e-10]
 [1.53045017e-10            nan]
 [1.16271315e-10            nan]
 [4.73599204e-10            nan]
 [           nan 5.41617647e-11]
 [1.00600796e-10            nan]
 [4.61286055e-10            nan]
 [1.52582872e-10            nan]
 [1.55159758e-10            nan]
 [1.94869723e-10            nan]
 [1.91341834e-10            nan]
 [4.58040242e-10            nan]
 [5.05154983e-10            nan]
 [5.00099204e-10            nan]
 [4.65474498e-10            nan]
 [1.85323495e-10            nan]
 [4.13768131e-10            nan]
 [1.11648201e-10            nan]
 [1.69841834e-10            nan]
 [9.83139446e-11            nan]
 [5.21435052e-10            nan]
 [4.96628685e-10            nan]
 [1.15399204e-10            nan]
 [3.66507163e-10            nan]
 [1.57115536e-10            nan]
 [4.83448201e-10            nan]
 [1.61622318e-10            nan]
 [4.66148201e-10            nan]
 [4.40515536e-10            nan]
 [1.63896021e-10            nan]
 [4.61915536e-10            nan]
 [4.57664948e-10            nan]
 [4.42184464e-10            nan]
 [5.12571315e-10            nan]
 [1.37900796e-10            nan]
 [4.31845017e-10            nan]
 [1.53058166e-10            nan]
 [1.40445017e-10            nan]
 [5.40913945e-10            nan]
 [4.61154983e-10            nan]
 [4.62371315e-10            nan]
 [1.62831869e-10            nan]
 [4.72812353e-10            nan]
 [5.07202388e-10            nan]
 [4.60499204e-10            nan]
 [           nan 4.78982872e-10]
 [4.64425502e-10            nan]
 [1.69268131e-10            nan]
 [1.38145017e-10            nan]
 [5.01874498e-10            nan]
 [           nan 4.90654983e-10]
 [5.02387647e-10            nan]
 [1.48849792e-10            nan]
 [2.06086055e-10            nan]
 [4.87664948e-10            nan]
 [4.02728685e-10            nan]
 [5.06292422e-10            nan]
 [1.05425502e-10            nan]
 [4.87712353e-10            nan]
 [4.36900796e-10            nan]
 [5.04618720e-10            nan]
 [4.84407578e-10            nan]
 [3.97494429e-10            nan]
 [9.97334602e-11            nan]
 [4.38399204e-10            nan]
 [1.67703979e-10            nan]
 [4.73710761e-10            nan]
 [1.33039792e-11            nan]
 [           nan 3.75145017e-10]
 [4.37943426e-10            nan]
 [4.32703979e-10            nan]
 [           nan 4.45613945e-10]
 [4.88502388e-10            nan]
 [4.81366540e-10            nan]
 [1.38896021e-10            nan]
 [4.53502388e-10            nan]
 [1.52745017e-10            nan]
 [5.28063356e-10            nan]
 [1.22464948e-10            nan]
 [4.42841834e-10            nan]
 [5.95505571e-10            nan]
 [4.62092422e-10            nan]
 [1.57217128e-10            nan]
 [4.50305571e-10            nan]
 [1.79513945e-10            nan]
 [4.63072907e-10            nan]
 [1.12371315e-10            nan]
 [3.36907163e-10            nan]
 [4.93979689e-10            nan]
 [1.76171280e-11            nan]
 [1.48346609e-10            nan]
 [1.19199204e-10            nan]
 [           nan 4.23162941e-10]
 [4.95828685e-10            nan]
 [4.25694429e-10            nan]
 [1.59289239e-10            nan]
 [9.60533910e-11            nan]
 [2.06261349e-10            nan]
 [1.62338651e-10            nan]
 [1.74203979e-10            nan]
 [1.48853391e-10            nan]
 [4.91559758e-10            nan]
 [2.05423910e-10            nan]
 [4.96441834e-10            nan]
 [           nan 1.48271315e-10]
 [5.01238651e-10            nan]
 [4.90725502e-10            nan]
 [5.20119135e-10            nan]
 [4.86802388e-10            nan]
 [4.54356574e-10            nan]
 [1.42713149e-11            nan]
 [4.33405571e-10            nan]
 [4.56856574e-10            nan]
 [4.95127093e-10            nan]
 [1.64558166e-10            nan]
 [2.37358166e-10            nan]
 [2.13269723e-10            nan]
 [3.99730277e-10            nan]
 [5.30294429e-10            nan]
 [2.02096021e-10            nan]
 [7.73255017e-11            nan]
 [4.45940242e-10            nan]
 [1.76212353e-10            nan]
 [4.67130277e-10            nan]
 [4.86720311e-10            nan]
 [1.46541834e-10            nan]
 [1.80158166e-10            nan]
 [           nan 1.81245017e-10]
 [1.34830277e-10            nan]
 [5.49141834e-10            nan]
 [3.73740242e-10            nan]
 [1.49484464e-10            nan]
 [4.69658166e-10            nan]
 [4.83218720e-10            nan]
 [1.33678097e-10            nan]
 [4.82262941e-10            nan]
 [5.01540242e-10            nan]
 [5.48256574e-10            nan]
 [3.46602388e-10            nan]
 [4.52641834e-10            nan]
 [           nan 1.82749792e-10]
 [3.89445017e-10            nan]
 [9.51613495e-11            nan]
 [1.54933460e-10            nan]
 [1.37548201e-10            nan]
 [2.07039792e-11            nan]
 [4.67797612e-10            nan]
 [1.63928685e-10            nan]
 [1.53927093e-10            nan]
 [           nan 3.87443426e-10]
 [4.36728685e-10            nan]
 [5.04095606e-10            nan]
 [1.44572907e-10            nan]
 [1.74090830e-10            nan]
 [1.53481280e-10            nan]
 [1.66056574e-10            nan]
 [4.40713945e-10            nan]
 [7.69402422e-11            nan]
 [1.51033460e-10            nan]
 [2.06058166e-10            nan]
 [1.40086055e-10            nan]
 [4.59071315e-10            nan]
 [1.52400796e-10            nan]
 [4.92379273e-10            nan]
 [4.65094429e-10            nan]
 [4.30499204e-10            nan]
 [1.87458166e-10            nan]
 [4.64981280e-10            nan]
 [1.63361349e-10            nan]
 [3.96559758e-10            nan]
 [1.66827093e-10            nan]
 [1.48323495e-10            nan]
 [5.13225502e-10            nan]
 [1.97082872e-10            nan]
 [2.62613495e-11            nan]
 [4.60751799e-10            nan]
 [4.52758166e-10            nan]
 [1.65771315e-10            nan]
 [1.40917128e-10            nan]
 [1.77982872e-10            nan]
 [           nan 4.97617128e-10]
 [2.00815536e-10            nan]
 [4.52822318e-10            nan]
 [1.39654983e-10            nan]
 [1.90931869e-10            nan]
 [8.51091695e-11            nan]
 [4.77502388e-10            nan]
 [4.22484464e-10            nan]
 [4.75497612e-10            nan]
 [3.52754983e-10            nan]
 [1.11858166e-10            nan]
 [4.85815536e-10            nan]
 [1.64086055e-10            nan]
 [2.08758166e-10            nan]
 [4.59145017e-10            nan]
 [1.85817128e-10            nan]
 [           nan 4.38186055e-10]
 [5.04256574e-10            nan]
 [1.53197612e-10            nan]
 [7.77976125e-11            nan]
 [           nan 4.83433460e-10]
 [1.21587647e-10            nan]
 [4.40948201e-10            nan]
 [4.73712353e-10            nan]
 [1.41500796e-10            nan]
 [4.89627093e-10            nan]
 [1.89979689e-10            nan]
 [1.90186055e-10            nan]
 [5.28484464e-10            nan]
 [3.26402388e-10            nan]
 [1.48666540e-10            nan]
 [3.82043426e-10            nan]
 [1.45738651e-10            nan]
 [           nan 4.54697612e-10]
 [5.20656574e-10 1.14431869e-10]
 [1.14074498e-10            nan]
 [4.45569723e-10            nan]
 [1.78958166e-10            nan]
 [4.19776090e-10            nan]
 [4.72903979e-10            nan]
 [4.31941834e-10            nan]
 [1.59184464e-10            nan]
 [4.85979689e-10            nan]
 [4.56727093e-10            nan]
 [4.82233460e-10            nan]
 [4.40959758e-10            nan]
 [1.23871315e-10            nan]
 [1.31536644e-10            nan]
 [           nan 1.24521903e-10]
 [4.90082872e-10            nan]
 [1.18156574e-10            nan]
 [4.66654983e-10            nan]
 [1.66077682e-10            nan]
 [4.68833460e-10            nan]
 [1.97435467e-10            nan]
 [4.20100796e-10            nan]
 [           nan 1.57399204e-10]
 [1.55668131e-10            nan]
 [4.73769723e-10            nan]
 [           nan 1.25025502e-10]
 [1.79945017e-10            nan]
 [4.84874498e-10            nan]
 [1.33151799e-10            nan]
 [1.72899204e-10            nan]
 [4.25410761e-10            nan]
 [4.54713945e-10            nan]
 [1.00272907e-10            nan]
 [           nan 1.25815536e-10]
 [9.72581661e-11            nan]
 [1.05659758e-10            nan]
 [1.07171315e-10            nan]
 [4.88612353e-10            nan]
 [           nan 4.49589239e-10]
 [1.76377682e-10            nan]
 [1.35130277e-10            nan]
 [1.59362941e-10            nan]
 [1.78946609e-10            nan]
 [1.36246609e-10            nan]
 [4.36403979e-10            nan]
 [4.33513945e-10            nan]
 [4.95822318e-10            nan]
 [1.59797612e-10            nan]
 [4.58940242e-10            nan]
 [1.16969723e-10            nan]
 [4.12440242e-10            nan]
 [4.57299204e-10            nan]
 [4.41340242e-10            nan]
 [4.02243426e-10            nan]
 [9.09744983e-11            nan]
 [           nan 5.03240242e-10]
 [           nan 5.28158166e-10]
 [1.61645017e-10            nan]
 [4.75772907e-10            nan]
 [4.23928685e-10            nan]
 [4.85245017e-10            nan]
 [1.95676090e-10            nan]
 [4.41584464e-10            nan]
 [1.66041834e-10            nan]
 [           nan 4.41602388e-10]
 [4.63487647e-10            nan]
 [1.42358166e-10            nan]
 [4.50437059e-10            nan]
 [4.28738651e-10            nan]
 [1.49051384e-10            nan]
 [1.55415536e-10            nan]
 [5.00518720e-10            nan]
 [1.39930277e-10            nan]
 [1.84351799e-10            nan]
 [           nan 3.91784464e-10]
 [8.40270934e-11            nan]
 [           nan 5.20694429e-10]
 [9.87812803e-11            nan]
 [1.07613945e-10            nan]
 [           nan 1.50412353e-10]
 [           nan 1.55245017e-10]
 [4.59523910e-10            nan]
 [1.66489239e-10            nan]
 [4.40100796e-10            nan]
 [1.44840242e-10            nan]
 [1.31218720e-10            nan]
 [1.60676090e-10            nan]
 [1.55421903e-10            nan]
 [1.97315536e-10            nan]
 [1.55689239e-10            nan]
 [1.50621903e-10            nan]
 [6.89007958e-11            nan]
 [4.78359758e-10            nan]
 [5.13838235e-10            nan]
 [1.61613945e-10            nan]
 [4.48097612e-10            nan]
 [5.52107163e-10            nan]
 [5.26246609e-10            nan]
 [1.45015536e-10            nan]
 [4.38241834e-10            nan]
 [1.42997612e-10            nan]
 [2.09189239e-10            nan]
 [4.66654983e-10            nan]
 [1.57082872e-10            nan]
 [4.50943426e-10            nan]
 [1.69715536e-10            nan]
 [4.84353391e-10            nan]
 [1.19643426e-10            nan]
 [8.19286851e-11            nan]
 [1.36327093e-10            nan]
 [2.05371315e-10            nan]
 [2.00421903e-10            nan]
 [2.04764533e-10            nan]
 [4.62056574e-10            nan]
 [4.66989239e-10            nan]
 [4.00351799e-10            nan]
 [4.36696021e-10            nan]
 [1.22869723e-10            nan]
 [4.99653391e-10            nan]
 [9.84370588e-11            nan]
 [1.82720311e-10            nan]
 [1.26599204e-10            nan]
 [4.30687647e-10            nan]
 [9.80549827e-11            nan]
 [5.09796021e-10            nan]
 [4.58387647e-10            nan]
 [1.35554983e-10            nan]
 [4.79497612e-10            nan]
 [1.43786055e-10            nan]
 [           nan 4.93171315e-10]
 [4.81837059e-10            nan]
 [           nan 1.37576090e-10]
 [5.81512353e-10            nan]
 [1.91190830e-10            nan]
 [3.01130277e-10            nan]
 [4.70882872e-10            nan]
 [4.24271315e-10            nan]
 [1.18556574e-10            nan]
 [1.02158166e-10            nan]
 [4.60625502e-10            nan]
 [1.85445017e-10            nan]
 [4.54435467e-10            nan]
 [5.44378097e-10            nan]
 [4.65715536e-10            nan]
 [4.54018720e-10            nan]
 [1.20984464e-10            nan]
 [1.19835052e-10            nan]
 [4.86012353e-10            nan]
 [4.49318720e-10            nan]
 [4.53187647e-10            nan]
 [           nan 4.15127093e-10]
 [4.65682872e-10            nan]
 [1.75799204e-10            nan]
 [1.05107578e-10            nan]
 [3.90456574e-10            nan]
 [           nan 1.48513945e-10]
 [1.86613945e-10            nan]
 [1.73125087e-10            nan]
 [2.01761349e-10            nan]]
index_where_photons_det_z: [    0    26    45    82   150   162   182   217   219   221   233   275
   318   331   336   348   362   364   371   412   431   436   447   474
   500   523   542   561   583   608   654   659   701   703   717   762
   773   823   846   904   930   939   941   945   948   976   994  1004
  1037  1051  1057  1061  1064  1101  1122  1145  1149  1154  1180  1182
  1197  1213  1234  1245  1268  1312  1321  1325  1341  1361  1394  1395
  1405  1434  1443  1447  1456  1457  1497  1526  1579  1603  1613  1636
  1659  1678  1696  1699  1706  1738  1754  1758  1762  1780  1804  1806
  1814  1817  1827  1853  1858  1868  1898  1900  1932  1933  2020  2031
  2036  2070  2085  2097  2126  2137  2170  2175  2225  2241  2242  2261
  2304  2360  2365  2389  2414  2431  2433  2439  2443  2446  2473  2485
  2515  2543  2564  2566  2632  2691  2714  2731  2746  2756  2761  2786
  2795  2800  2815  2861  2868  2888  2890  2909  2929  2937  2955  2965
  2989  3011  3024  3054  3099  3110  3116  3133  3160  3198  3201  3216
  3258  3279  3284  3297  3374  3387  3412  3416  3423  3462  3474  3483
  3561  3563  3612  3641  3738  3819  3880  3902  3913  3936  3946  3960
  3971  3988  4017  4018  4027  4034  4061  4074  4093  4144  4154  4193
  4216  4217  4218  4230  4272  4276  4277  4286  4289  4296  4298  4326
  4408  4440  4449  4463  4485  4549  4554  4583  4600  4639  4657  4684
  4704  4720  4749  4752  4760  4784  4832  4837  4854  4873  4883  4884
  4890  4898  4942  4980  5007  5032  5039  5095  5104  5112  5142  5156
  5174  5241  5263  5280  5286  5295  5308  5322  5368  5378  5383  5426
  5444  5452  5461  5485  5502  5604  5618  5628  5714  5730  5746  5819
  5881  5923  5973  5993  6006  6010  6014  6016  6043  6065  6081  6128
  6161  6164  6241  6247  6266  6299  6356  6366  6413  6452  6480  6482
  6512  6514  6526  6539  6578  6594  6653  6673  6705  6733  6774  6778
  6821  6826  6852  6860  6873  6890  6900  6909  6918  6921  6928  6967
  6975  6990  6994  7009  7013  7014  7020  7062  7099  7124  7148  7241
  7250  7261  7264  7283  7311  7350  7365  7376  7377  7407  7412  7474
  7487  7488  7490  7508  7509  7538  7553  7564  7613  7735  7741  7752
  7756  7764  7774  7816  7821  7824  7832  7836  7857  7865  7886  7893
  7895  7900  7904  7905  7921  7957  7962  7989  8004  8008  8017  8035
  8074  8100  8105  8119  8152  8160  8167  8188  8270  8282  8294  8318
  8329  8364  8366  8391  8399  8409  8438  8441  8446  8460  8461  8486
  8494  8527  8551  8564  8638  8645  8673  8689  8711  8725  8727  8752
  8761  8789  8791  8796  8913  8968  8982  8990  8998  9022  9082  9096
  9113  9126  9155  9201  9210  9235  9242  9254  9259  9261  9291  9336
  9356  9376  9381  9420  9458  9481  9483  9524  9548  9564  9585  9586
  9638  9642  9700  9724  9726  9735  9742  9759  9767  9796  9829  9835
  9848  9905  9970  9990  9995 10056 10061 10083 10103 10136 10139 10163
 10198 10227 10233 10236 10303 10315 10332 10336 10366 10422 10426 10432
 10446 10448 10472 10487 10488 10505 10535 10543 10555 10621 10638 10671
 10688 10689 10735 10739 10759 10771 10786 10806 10857 10859 10863 10916
 10990 11016 11028 11050 11090 11128 11146 11160 11178 11202 11209 11277
 11290 11302 11306 11316 11330 11344 11359 11406 11444 11481 11504 11533
 11581 11595 11639 11640 11687 11697 11703 11722 11764 11847 11858 11862
 11868 11888 11892 11894 11955 11979 11988 12032 12040 12067 12121 12132
 12146 12151 12164 12175 12187 12243 12255 12286 12289 12290 12294 12307
 12320 12332 12339 12341 12463 12481 12499 12540 12558 12565 12596 12601
 12608 12609 12624 12634 12689 12697 12699 12701 12715 12724 12734 12738
 12774 12784 12890 12937 12948 12969 12990 13002 13024 13025 13032 13090
 13099 13106 13119 13156 13166 13182 13189 13190 13191 13196 13255 13270
 13272 13322 13327 13339 13384 13391 13397 13445 13463 13464 13471 13501
 13550 13591 13594 13597 13623 13645 13705 13711 13727 13731 13734 13750
 13751 13787 13795 13796 13840 13852 13870 13903 13915 13917 13956 14000
 14001 14012 14013 14029 14035 14067 14108 14122 14125 14129 14145 14160
 14178 14180 14198 14222 14232 14246 14254 14292 14343 14352 14377 14381
 14390 14391 14398 14428 14446 14453 14469 14504 14525 14568 14581 14613
 14658 14693 14698 14710 14731 14766 14772 14783 14800 14823 14851 14881
 14891 14901 14905 14919 14922 14971 14987 15007 15030 15032 15040 15071
 15148 15153 15173 15199 15209 15213 15222 15260 15309 15320 15323 15331
 15342 15344 15349 15379 15392 15405 15419 15435 15474 15481 15543 15591
 15616 15620 15666 15673 15675 15686 15769 15867 15902 15914 15921 15937
 15945 15950 15960 15998 16047 16070 16078 16084 16096 16118 16150 16200
 16205 16230 16232 16244 16258 16262 16264 16307 16357 16365 16366 16370
 16374 16378 16388 16408 16479 16480 16522 16568 16573 16596 16600 16605
 16629 16635 16684 16685 16693 16712 16734 16786 16792 16842 16859 16870
 16885 16893 16922 16964 16989 16992 16993 17005 17012 17042 17057 17078
 17108 17163 17164 17180 17184 17197 17201 17214 17221 17224 17265 17269
 17299 17315 17319 17355 17360 17369 17393 17395 17451 17457 17461 17462
 17475 17496 17530 17537 17540 17568 17588 17594 17605 17620 17629 17632
 17681 17687 17707 17739 17794 17805 17818 17830 17854 17875 17891 17901
 17922 17925 17968 17976 18001 18023 18026 18034 18077 18140 18147 18179
 18211 18237 18278 18343 18370 18382 18487 18493 18503 18505 18512 18542
 18548 18585 18593 18617 18644 18655 18684 18689 18694 18708 18747 18775
 18817 18821 18852 18869 18891 18912 18924 18962 18965 18975 18986 19014
 19091 19097 19113 19126 19196 19212 19222 19229 19278 19302 19310 19318
 19322 19373 19393 19399 19408 19421 19446 19488 19502 19508 19532 19546
 19558 19569 19582 19610 19617 19656 19745 19791 19805 19819 19828 19847
 19856 19934 19949 19950 19954]
