function_used: hist_z
n_samples: None
seed: None
non_signal_voltage: None
voltage_decoy: None
voltage: None
voltage_decoy_sup: None
voltage_sup: None
p_indep_x_states_non_dec: None
p_indep_x_states_dec: None
hist_z: [ 0  0  0  0  4  6  5 10  5  9  6  1  1  0  0  0  0  0  0  0  0  0  0  0
  0  0  1  0  0  0  0  0  1  3  8 18 14 17  9 11  4  3  0  1  0  0  0  0
  0  0  0  0  2  0  0  0  0  0  0  0  0  0  0  1  0  1  0  0  0  1  1  0
  0  0  0  0  1  1  1  3 13 18 22 16 24  5  3  0  0  0  0  0  0  0 16 18
 32 24 24 27 12  6  1  1  0  1  0  0  0  0  0  0  1  0  0  0  2  0  0  0
  2  1  0  4  2 11 11 18 16 16  1  0  1  0  2  1  0  0  4  1 12 26 13 16
 18  5  2  1  0  1  0  0  2  1 16 12 14 13 21 16  8  4  2  0  0  0  0  0
  0  0  0  0  1  0  0  0  1  0  0  0  0  0  0  0  0  0  0  0  0  0  0  0
  0  0  0  0  0  0  0  0  0  0  0  0  0  0  0  0  0  0  0  0  0  0  0  0
  2  2  1  1  1  0  0  0  0  0  0  0  0  0  0  0  0  0  0  0  0  0  0  0
  0  0  0  0  0  0  0  0  0  0  0  0  0  0  0  0  0  0  0  0  0  0  1  1
  0  0  0  0  0  1  0  0  0  0  0  1  1  6  3  1  2  0  0  0  0  1  0  0
  0  0  0  0  0  0  0  0  0  0  0  0  0  0  0  0  0  0  0  0  0  0  0  0
  0  0  0  0  0  0  0  0  0  0  0  0  0  0  0  0  0  0  0  0  0  0  0  0
  0  0  0  0  0  0  1  2  0  0  1  0  2  5  4 11  8 11 12  6  2  0  0  0
  0  0  0  1  0  0  0  0  0  1  1  0  2  1  0  0  0  2  1  9 12 39 32 31
 21  8  3  0  0  0  4  0  0  0  3 16 28 28 24 16  2  0  0  0  2  2  1  0
  1  1 16 18 17 19 10  6  2  3  0  2  0  0  0  0  0  0  0  0  0  0  0  0
  1  1  0  0  0  1  1  9 10 29 17 13 17  7  1  0  0  0  0  0  0  0  0  0
  0  0  0  0  0  0  0  0  0  0  0  0  0  0  0  0  0  0  0  0  0  0  0  0
  0  0  0  0  0  1  0  0  0  0  0  0  0  0  0  0  0  0  1  1  1  1  0  1
  0  0  0  0  0  0  0  0  0  0  0  0  0  0  0  0  0  0  0  0  0  0  0  0
  0  0  0  0  1  1  0  0  0  0  0  0  0  0  0  0  0  0  0  0  0  0  0  0
  0  0  0  0  0  0  0  1  4  6  6  2  5  1  2  0  0  0  0  0  0  0  0  0
  1  0  0  1  0  0  0  0  0  0  0  0  0  0  0  0  1  1  0  0  0  0  0  0
  2  1  0  5  8 16 15 34 25 14  4  0  2  2  2  2  2  1  3  4 15 19 26 21
 13  5  2  0  0  1  2  2  0  5  7 13 16 29 20  9  6  0  1  1  0  1  2  1
  1  6 11 17 22 24 10  5  4  3  0  1  0  0  0  0  0  0  2  2  0  0  0  0
  0  0  0  0  0  0  0  0  0  0  0  0  0  0  0  0  0  0  0  0  0  0  1  0
  2  1  0  0  0  0  0  0  1  0  1  0  0  1  2  2  1  3  1  0  1  0  0  0
  0  0  0  0  0  0  0  0  0  0  0  0  0  0  0  0  0  0  0  0  0  0  0  2
  0  0  0  0  0  1  0  0  0  0  0  5  1  3  5  1  3  0  0  0  1  0  0  0
  1  1  0  3  3  2  1  0  0  1  0  1  0  0  0  0  0  0  1  0  0  2  0  0
  0  0  0  0  0  0  0  0  0  0  0  0  0  0  0  0  0  0  0  0  0  0  0  0
  0  0  0  0  0  0  0  0  0  0  0  0  0  0  0  0  0  0  0  0  0  0  0  0
  0  0  0  0  0  0  0  0  0  0  0  0  0  0  0  0  0  0  0  0  0  0  0  0
  0  0  0  0  0  0  0  0  0  0  0  0  0  0  0  0  0  0  0  0  0  0  0  0
  0  0  0  0  0  0  0  0  0  0  0  0  0  0  0  0  0  0  0  0  0  0  0  0
  0  0  0  0  0  0  0  0  0  0  0  0  0  0  0  0  0  0  0  0  0  0  0  0
  0  0  0  0  0  0  0  0  0  0  0  0  0  0  0  0  0  0  0  0  0  0  0  0
  0  0  0  0  0  0  0  0  0  0  0  0  0  0  0  0  0  0  0  0  0  0  0  0
  0  0  0  0  0  0  0  0  0  0  0  0  0  0  0  0  0  0  0  0  0  0  0  0
  0  0  0  0  0  0  0  0  0  0  0  0  0  0  0  0  0  0  0  0  0  0  0  0
  0  0  0  0  0  0  0  0  0  0  0  0  0  0  0  0  0  0  0  0  0  0  0  0
  0  0  0  1  0  0  0  0  0  0  0  0  0  0  0  0  1  1  0  0  0  0  0  0
  0  0  0  0  2  1  1  1  2  0  1  0  0  0  0  0  0  0  0  0  0  0  0  0
  0  0  0  0  0  0]
hist_z_sum: 1865
time_photons_det_z: [[4.49372907e-10            nan]
 [1.13128685e-10            nan]
 [4.63999204e-10            nan]
 [7.10796886e-11            nan]
 [4.08078097e-10            nan]
 [9.13007958e-11            nan]
 [4.14028685e-10            nan]
 [1.00003979e-10            nan]
 [1.35968131e-10            nan]
 [2.13128685e-10            nan]
 [1.16212353e-10            nan]
 [1.48137059e-10            nan]
 [3.92382872e-10            nan]
 [3.99719135e-10            nan]
 [1.57125502e-10            nan]
 [3.77069723e-10            nan]
 [1.01833460e-10            nan]
 [1.20386055e-10            nan]
 [           nan 5.34567716e-10]
 [1.08358166e-10            nan]
 [1.84903979e-10            nan]
 [1.39041834e-10            nan]
 [2.00359758e-10            nan]
 [5.41272907e-10            nan]
 [2.86399204e-10            nan]
 [4.57869723e-10            nan]
 [1.32584464e-10            nan]
 [4.81213945e-10            nan]
 [1.08843426e-10            nan]
 [4.98068131e-10            nan]
 [           nan 3.10541834e-10]
 [5.99050208e-10            nan]
 [4.63576090e-10            nan]
 [4.44231869e-10            nan]
 [4.85723495e-10            nan]
 [5.06503979e-10            nan]
 [1.85097612e-10            nan]
 [5.17556574e-10            nan]
 [4.98941834e-10            nan]
 [8.67286851e-11            nan]
 [8.44681315e-11            nan]
 [4.18097612e-10            nan]
 [1.61541834e-10            nan]
 [1.16549792e-10            nan]
 [9.32139446e-11            nan]
 [4.50368131e-10            nan]
 [4.68302388e-10            nan]
 [           nan 3.75764948e-10]
 [4.47179273e-10            nan]
 [1.83189239e-10            nan]
 [4.84289239e-10            nan]
 [1.73940242e-10            nan]
 [4.01864948e-10            nan]
 [4.91786055e-10            nan]
 [           nan 4.32109170e-10]
 [3.87348616e-10            nan]
 [1.42015536e-10            nan]
 [           nan 4.59545017e-10]
 [1.35843426e-10            nan]
 [2.03072907e-10            nan]
 [1.31018720e-10            nan]
 [4.68400796e-10            nan]
 [6.29581661e-11            nan]
 [4.91486055e-10            nan]
 [5.35586055e-10            nan]
 [4.00166540e-10            nan]
 [4.47556574e-10            nan]
 [2.08479689e-10            nan]
 [1.02453391e-10            nan]
 [1.71815536e-10            nan]
 [1.11527093e-10            nan]
 [4.95079689e-10            nan]
 [4.92472907e-10            nan]
 [4.07351799e-10            nan]
 [4.71397612e-10            nan]
 [           nan 1.94200796e-10]
 [4.97189239e-10            nan]
 [2.13413945e-10            nan]
 [3.42899204e-10            nan]
 [1.94409170e-10            nan]
 [1.11174498e-10            nan]
 [2.14162941e-10            nan]
 [4.31158166e-10            nan]
 [4.68941834e-10            nan]
 [4.22413945e-10            nan]
 [4.95091246e-10            nan]
 [1.35710761e-10            nan]
 [           nan 1.61517128e-10]
 [2.15127093e-10            nan]
 [1.34841834e-10            nan]
 [1.54199204e-10            nan]
 [2.10438651e-10            nan]
 [4.19727093e-10            nan]
 [1.75007578e-10            nan]
 [5.46536644e-10            nan]
 [3.97658166e-10            nan]
 [1.99113945e-10            nan]
 [5.03669723e-10            nan]
 [4.55168131e-10            nan]
 [2.15148616e-10            nan]
 [2.55107163e-10            nan]
 [           nan 4.40358166e-10]
 [4.23441834e-10            nan]
 [4.49079689e-10            nan]
 [1.99171315e-10            nan]
 [1.17843426e-10            nan]
 [2.57440242e-10            nan]
 [           nan 4.93494429e-10]
 [5.09984464e-10            nan]
 [5.00300796e-10            nan]
 [1.97310761e-10            nan]
 [1.59986055e-10            nan]
 [1.38479689e-10            nan]
 [4.93430277e-10            nan]
 [1.95612353e-10            nan]
 [1.67913945e-10            nan]
 [           nan 4.98423910e-10]
 [4.48018720e-10            nan]
 [5.17589239e-10            nan]
 [1.72718720e-10            nan]
 [1.25566540e-10            nan]
 [1.61523910e-10            nan]
 [1.32231869e-10            nan]
 [4.92476090e-10            nan]
 [1.51899204e-10            nan]
 [4.47084464e-10            nan]
 [4.93882872e-10            nan]
 [4.22156574e-10            nan]
 [1.66562941e-10            nan]
 [4.43781280e-10            nan]
 [4.63513945e-10            nan]
 [1.46262941e-10            nan]
 [1.46612353e-10            nan]
 [4.97071315e-10            nan]
 [2.07918720e-10            nan]
 [           nan 1.15399204e-10]
 [4.93172907e-10            nan]
 [5.05000796e-10            nan]
 [1.42886055e-10            nan]
 [4.85448201e-10            nan]
 [4.49779689e-10            nan]
 [1.36417128e-10            nan]
 [4.12869723e-10            nan]
 [1.66981280e-10            nan]
 [5.18789239e-10            nan]
 [1.41659758e-10            nan]
 [2.17372907e-10            nan]
 [4.74315536e-10            nan]
 [4.69743426e-10            nan]
 [           nan 1.33492837e-10]
 [1.62771315e-10            nan]
 [           nan 4.48387647e-10]
 [3.68568131e-10            nan]
 [1.58161349e-10            nan]
 [1.91813945e-10            nan]
 [5.51412353e-10            nan]
 [1.95305986e-10            nan]
 [4.54858166e-10            nan]
 [3.83128685e-10            nan]
 [1.56959758e-10            nan]
 [4.81374498e-10            nan]
 [1.69689239e-10            nan]
 [1.69628685e-10            nan]
 [4.27202388e-10            nan]
 [4.97559758e-10            nan]
 [4.95325502e-10            nan]
 [6.15100000e-10            nan]
 [1.95171315e-10            nan]
 [2.15687647e-10            nan]
 [4.60017128e-10            nan]
 [1.58954983e-10            nan]
 [5.29487647e-10            nan]
 [6.42828720e-11            nan]
 [4.80054983e-10            nan]
 [6.13941834e-10            nan]
 [1.52433460e-10            nan]
 [4.34918720e-10            nan]
 [5.28043426e-10            nan]
 [2.60665398e-11            nan]
 [1.75245017e-10            nan]
 [4.46469723e-10            nan]
 [1.78943426e-10            nan]
 [5.08210761e-10            nan]
 [4.97631869e-10            nan]
 [1.73999204e-10            nan]
 [4.72158166e-10            nan]
 [1.25623910e-10            nan]
 [1.59997612e-10            nan]
 [4.34705986e-10            nan]
 [4.03099204e-10            nan]
 [3.09633460e-10            nan]
 [5.20545017e-10            nan]
 [4.82931869e-10            nan]
 [4.63087647e-10            nan]
 [1.50058166e-10            nan]
 [1.29087647e-10            nan]
 [           nan 4.38254983e-10]
 [4.83015536e-10            nan]
 [1.81897612e-10            nan]
 [4.63754983e-10            nan]
 [1.99848201e-10            nan]
 [4.16187647e-10            nan]
 [4.33472907e-10            nan]
 [1.68684464e-10            nan]
 [5.09620311e-10            nan]
 [4.29490830e-10            nan]
 [1.70902388e-10            nan]
 [4.22419135e-10            nan]
 [7.76139446e-11            nan]
 [4.85538651e-10            nan]
 [5.09971315e-10            nan]
 [1.51828685e-10            nan]
 [9.14270934e-11            nan]
 [4.67246609e-10            nan]
 [           nan 1.72297612e-10]
 [4.66351799e-10            nan]
 [4.93687647e-10            nan]
 [1.85366540e-10            nan]
 [           nan 2.73077682e-10]
 [1.57590830e-10            nan]
 [4.44872907e-10            nan]
 [9.35960208e-11            nan]
 [1.26512353e-10            nan]
 [4.54968131e-10            nan]
 [4.91756574e-10            nan]
 [6.02771315e-10            nan]
 [4.89996021e-10            nan]
 [           nan 4.44845017e-10]
 [4.34471315e-10            nan]
 [4.21907163e-10            nan]
 [4.75902388e-10            nan]
 [3.11458166e-10            nan]
 [4.37084464e-10            nan]
 [           nan 4.91102388e-10]
 [1.81287647e-10            nan]
 [4.63922318e-10 1.73640242e-10]
 [1.92394014e-10            nan]
 [1.61943426e-10            nan]
 [1.49879273e-10            nan]
 [4.47627093e-10            nan]
 [1.17745017e-10            nan]
 [4.24699204e-10            nan]
 [4.83427093e-10            nan]
 [1.49271315e-10            nan]
 [1.63382872e-10            nan]
 [1.40202388e-10            nan]
 [4.42574498e-10            nan]
 [2.00381280e-10            nan]
 [4.18418720e-10            nan]
 [1.79068131e-10            nan]
 [5.55345017e-10            nan]
 [1.58299204e-10            nan]
 [4.58238651e-10            nan]
 [4.35969723e-10            nan]
 [1.33821903e-10            nan]
 [5.12097612e-10            nan]
 [4.31699204e-10            nan]
 [1.99718720e-10            nan]
 [4.65062941e-10            nan]
 [9.98744983e-11            nan]
 [1.40787647e-10            nan]
 [9.37844637e-11            nan]
 [           nan 1.51943426e-10]
 [1.13002388e-10            nan]
 [4.70540242e-10            nan]
 [5.28577682e-10            nan]
 [1.41886055e-10            nan]
 [1.02905571e-10            nan]
 [1.27802388e-10            nan]
 [1.13774498e-10            nan]
 [4.18966540e-10            nan]
 [1.89486055e-10 4.23813945e-10]
 [4.54013945e-10            nan]
 [1.53518720e-10            nan]
 [4.13372907e-10            nan]
 [4.97161349e-10            nan]
 [1.91856574e-10            nan]
 [3.94574498e-10            nan]
 [4.91110761e-10            nan]
 [2.77920311e-10            nan]
 [4.88069723e-10            nan]
 [1.85759758e-10            nan]
 [1.36738651e-10            nan]
 [5.16812353e-10            nan]
 [1.08699204e-10            nan]
 [4.96741834e-10            nan]
 [2.21130277e-10            nan]
 [1.49790830e-10            nan]
 [2.23028685e-10            nan]
 [1.55079689e-10            nan]
 [1.76989239e-10            nan]
 [1.65815536e-10            nan]
 [5.09413945e-10            nan]
 [1.53017128e-10            nan]
 [1.01472907e-10            nan]
 [1.44412353e-10            nan]
 [4.85161349e-10            nan]
 [5.73000796e-10            nan]
 [4.84417128e-10            nan]
 [4.01858166e-10            nan]
 [4.32840242e-10            nan]
 [3.65053391e-10            nan]
 [4.67986055e-10            nan]
 [1.78976090e-10            nan]
 [4.15679689e-10            nan]
 [2.06761349e-10            nan]
 [           nan 4.75469723e-10]
 [4.89438651e-10            nan]
 [4.71078097e-10            nan]
 [5.11378097e-10            nan]
 [4.47886055e-10            nan]
 [9.48597578e-11            nan]
 [1.93227093e-10            nan]
 [1.01610761e-10            nan]
 [5.38533460e-10            nan]
 [1.56051799e-10            nan]
 [1.78218720e-10            nan]
 [           nan 1.51296021e-10]
 [4.51956574e-10            nan]
 [4.97523910e-10            nan]
 [1.81744983e-11            nan]
 [1.29333460e-10            nan]
 [1.15845017e-10            nan]
 [           nan 1.20328685e-10]
 [4.67487647e-10            nan]
 [1.74245017e-10            nan]
 [4.85382872e-10            nan]
 [1.65271315e-10            nan]
 [4.78612353e-10            nan]
 [4.38233460e-10            nan]
 [           nan 1.86361349e-10]
 [1.71845017e-10            nan]
 [4.80340242e-10            nan]
 [4.67741834e-10            nan]
 [1.31651799e-10            nan]
 [1.62776090e-10            nan]
 [4.76243426e-10            nan]
 [8.09386505e-11            nan]
 [4.99169723e-10            nan]
 [5.15402388e-10            nan]
 [1.24940242e-10            nan]
 [1.96446609e-10            nan]
 [4.08735052e-10            nan]
 [1.60030277e-10            nan]
 [1.33023910e-10            nan]
 [1.21397612e-10            nan]
 [4.30462941e-10            nan]
 [2.13179273e-10            nan]
 [1.83190830e-10            nan]
 [4.33671315e-10            nan]
 [4.43012353e-10            nan]
 [1.68799204e-10            nan]
 [4.55282872e-10 1.33941834e-10]
 [1.66600796e-10            nan]
 [1.56602388e-10            nan]
 [4.93384464e-10            nan]
 [4.12878097e-10            nan]
 [4.81927093e-10            nan]
 [5.24394429e-10            nan]
 [1.54731869e-10            nan]
 [1.20013945e-10            nan]
 [1.54159758e-10            nan]
 [4.77658166e-10            nan]
 [4.50786055e-10            nan]
 [4.05325502e-10            nan]
 [2.89972907e-10            nan]
 [2.34817128e-10            nan]
 [1.17571315e-10            nan]
 [1.52341834e-10            nan]
 [4.13297612e-10            nan]
 [1.26759758e-10            nan]
 [1.37840242e-10            nan]
 [4.59984464e-10            nan]
 [1.39481280e-10            nan]
 [1.61228685e-10            nan]
 [4.32672907e-10            nan]
 [1.23571315e-10            nan]
 [4.89340242e-10            nan]
 [1.55654983e-10            nan]
 [4.15409170e-10            nan]
 [4.58886055e-10            nan]
 [4.34872907e-10            nan]
 [4.54697612e-10            nan]
 [4.39090830e-10            nan]
 [1.95918720e-10            nan]
 [5.07182872e-10            nan]
 [4.62613945e-10            nan]
 [4.24135052e-10            nan]
 [2.97702388e-10            nan]
 [1.27715536e-10            nan]
 [2.59427093e-10            nan]
 [1.64103979e-10            nan]
 [9.03223183e-11            nan]
 [1.62269723e-10            nan]
 [1.54100796e-10            nan]
 [1.77974498e-10            nan]
 [1.07559758e-10            nan]
 [5.14710761e-10            nan]
 [1.94430277e-10            nan]
 [1.52620311e-10            nan]
 [1.07690830e-10            nan]
 [4.20603979e-10            nan]
 [2.13158166e-10            nan]
 [5.09984464e-10            nan]
 [4.79413945e-10            nan]
 [4.85469723e-10            nan]
 [4.69730277e-10            nan]
 [3.33482872e-10            nan]
 [4.68723910e-10            nan]
 [4.40812353e-10            nan]
 [3.98343426e-10            nan]
 [1.55782872e-10            nan]
 [1.53356574e-10            nan]
 [4.53903979e-10            nan]
 [1.46753391e-10            nan]
 [5.07876090e-10            nan]
 [1.96302388e-10            nan]
 [4.44503979e-10            nan]
 [4.78545017e-10            nan]
 [3.31172907e-10            nan]
 [4.59196021e-10            nan]
 [5.41200796e-10            nan]
 [4.84049792e-10            nan]
 [1.72841834e-10            nan]
 [4.74561349e-10            nan]
 [5.13972907e-10            nan]
 [1.57521903e-10            nan]
 [1.34271315e-10            nan]
 [1.07553391e-10            nan]
 [4.23630277e-10            nan]
 [1.68627093e-10            nan]
 [4.45235467e-10            nan]
 [5.49000796e-10            nan]
 [4.37851799e-10            nan]
 [9.35139446e-11            nan]
 [9.84107612e-11            nan]
 [4.45987647e-10            nan]
 [4.30841834e-10            nan]
 [4.29330277e-10            nan]
 [1.13731869e-10            nan]
 [4.21541834e-10            nan]
 [1.56866540e-10            nan]
 [1.91000796e-10            nan]
 [4.55559758e-10            nan]
 [4.71736644e-10            nan]
 [           nan 5.28031869e-10]
 [           nan 1.16338651e-10]
 [5.12300796e-10            nan]
 [1.10246609e-10            nan]
 [1.00428685e-10            nan]
 [1.48640242e-10            nan]
 [4.27590830e-10            nan]
 [1.18346609e-10            nan]
 [1.54171315e-10            nan]
 [1.54656574e-10            nan]
 [1.12715536e-10            nan]
 [1.52900796e-10            nan]
 [1.97417128e-10            nan]
 [4.59861349e-10            nan]
 [1.68102388e-10            nan]
 [1.18427093e-10            nan]
 [4.19223910e-10            nan]
 [3.22541834e-10            nan]
 [1.40674498e-10            nan]
 [           nan 4.75343426e-10]
 [1.30537059e-10            nan]
 [8.90549827e-11            nan]
 [4.78145017e-10            nan]
 [4.49287647e-10            nan]
 [1.28097612e-10            nan]
 [1.47625502e-10            nan]
 [           nan 4.32856574e-10]
 [4.94545017e-10            nan]
 [1.19079689e-10            nan]
 [3.92571315e-10            nan]
 [1.91776090e-10            nan]
 [4.40545017e-10            nan]
 [1.92643426e-10            nan]
 [4.87466125e-10            nan]
 [1.48674498e-10            nan]
 [4.38053391e-10            nan]
 [1.29820727e-10            nan]
 [4.31912353e-10            nan]
 [1.17933875e-10            nan]
 [1.81182872e-10            nan]
 [6.14045017e-10            nan]
 [2.53138651e-10            nan]
 [1.88105986e-10            nan]
 [4.26609170e-10            nan]
 [4.56113945e-10            nan]
 [           nan 1.86577682e-10]
 [4.37241834e-10            nan]
 [           nan 1.96341834e-10]
 [4.75576090e-10            nan]
 [4.82258166e-10            nan]
 [4.02528685e-10            nan]
 [4.59689239e-10            nan]
 [4.75228685e-10            nan]
 [4.20899204e-10            nan]
 [1.67282872e-10            nan]
 [4.60130277e-10            nan]
 [5.13333460e-10            nan]
 [4.39743426e-10            nan]
 [4.92812353e-10            nan]
 [4.45174498e-10            nan]
 [4.41196021e-10            nan]
 [4.74841834e-10            nan]
 [           nan 1.19027093e-10]
 [           nan 4.25031869e-10]
 [           nan 1.02699204e-10]
 [5.16599204e-10            nan]
 [2.03587647e-10            nan]
 [4.13876090e-10            nan]
 [5.10928685e-10            nan]
 [4.51823910e-10            nan]
 [1.43668131e-10            nan]
 [4.34903979e-10            nan]
 [4.95459758e-10            nan]
 [5.35187647e-10            nan]
 [4.34686055e-10            nan]
 [1.65668131e-10            nan]
 [4.82725502e-10            nan]
 [4.61394429e-10            nan]
 [1.58587647e-10            nan]
 [1.37481280e-10            nan]
 [4.14451799e-10            nan]
 [4.41899204e-10            nan]
 [1.42374498e-10            nan]
 [1.62317128e-10            nan]
 [4.59186055e-10            nan]
 [           nan 5.37061349e-10]
 [2.04920311e-10            nan]
 [1.80310761e-10            nan]
 [1.25569723e-10            nan]
 [1.90476090e-10            nan]
 [1.77654983e-10            nan]
 [4.81474498e-10            nan]
 [1.43937059e-10            nan]
 [1.15576090e-10            nan]
 [4.43118720e-10            nan]
 [4.28854983e-10            nan]
 [1.87171315e-10            nan]
 [1.52427093e-10            nan]
 [1.48291246e-10            nan]
 [1.57737059e-10            nan]
 [4.62828685e-10            nan]
 [9.79239100e-11            nan]
 [4.22423910e-10            nan]
 [4.61887647e-10            nan]
 [1.36371315e-10            nan]
 [4.89879689e-10            nan]
 [3.81130277e-10            nan]
 [4.71771315e-10            nan]
 [1.24800796e-10            nan]
 [1.70917128e-10            nan]
 [9.38318685e-11            nan]
 [4.46228685e-10            nan]
 [4.68127093e-10            nan]
 [1.74345017e-10            nan]
 [4.72902388e-10            nan]
 [4.51256574e-10            nan]
 [4.71046609e-10            nan]
 [2.28448201e-10            nan]
 [4.95397612e-10            nan]
 [3.53434256e-11            nan]
 [1.74687647e-10            nan]
 [1.85186055e-10            nan]
 [8.59187197e-11            nan]
 [4.59296021e-10            nan]
 [4.96756574e-10            nan]
 [4.49556574e-10            nan]
 [5.07913945e-10            nan]
 [4.66341834e-10            nan]
 [1.50169723e-10            nan]
 [2.04640242e-10            nan]
 [4.80313945e-10            nan]
 [1.85984464e-10            nan]
 [1.48843426e-10            nan]
 [           nan 1.63256574e-10]
 [4.74761349e-10            nan]
 [2.65854983e-10            nan]
 [4.27743426e-10            nan]
 [4.74579689e-10            nan]
 [4.50776090e-10            nan]
 [4.45720311e-10            nan]
 [4.17722318e-10            nan]
 [6.68334602e-11            nan]
 [2.05256574e-10            nan]
 [4.97431869e-10            nan]
 [           nan 4.47800796e-10]
 [1.55045017e-10            nan]
 [5.54053391e-10            nan]
 [1.77987647e-10            nan]
 [4.65656574e-10            nan]
 [2.19940242e-10            nan]
 [1.85754983e-10            nan]
 [1.25876471e-11            nan]
 [1.61713945e-10            nan]
 [4.51951384e-10            nan]
 [1.95982872e-10            nan]
 [1.47227093e-10            nan]
 [           nan 4.94835052e-10]
 [1.71923910e-10            nan]
 [1.95035467e-10            nan]
 [1.81638651e-10            nan]
 [1.18354983e-10            nan]
 [1.35992422e-10            nan]
 [1.33415536e-10            nan]
 [5.43346609e-10            nan]
 [1.12610761e-10            nan]
 [           nan 1.71041834e-10]
 [1.14828685e-10            nan]
 [1.66935052e-10            nan]
 [4.98602388e-10            nan]
 [4.87715536e-10            nan]
 [1.85897612e-10            nan]
 [1.72213945e-10            nan]
 [5.08579273e-10            nan]
 [1.15971315e-10            nan]
 [4.95253391e-10            nan]
 [4.81269723e-10            nan]
 [2.05212353e-10            nan]
 [1.63769723e-10            nan]
 [4.66718720e-10            nan]
 [1.46053391e-10            nan]
 [5.08071315e-10            nan]
 [9.80155363e-11            nan]
 [2.00774498e-10            nan]
 [1.33058166e-10            nan]
 [4.69654983e-10            nan]
 [1.46571315e-10            nan]
 [4.42538651e-10            nan]
 [           nan 5.21931869e-10]
 [1.01066540e-10            nan]
 [1.80902388e-10            nan]
 [2.14872907e-10            nan]
 [4.50464948e-10            nan]
 [5.55941834e-10            nan]
 [9.96155363e-11            nan]
 [3.77445017e-10            nan]
 [4.56828685e-10            nan]
 [4.91812353e-10            nan]
 [1.10796021e-10            nan]
 [1.86503979e-10            nan]
 [1.65881280e-10            nan]
 [           nan 4.56256574e-10]
 [4.06171315e-10            nan]
 [1.91425502e-10            nan]
 [4.85528685e-10            nan]
 [1.34268131e-10            nan]
 [5.12471315e-10            nan]
 [           nan 1.29850208e-10]
 [4.48972907e-10            nan]
 [1.25096021e-10            nan]
 [2.59546609e-10            nan]
 [1.71948201e-10            nan]
 [2.07425502e-10            nan]
 [           nan 2.39633460e-10]
 [           nan 1.62141834e-10]
 [1.65543426e-10            nan]
 [1.30737059e-10            nan]
 [3.01068131e-10            nan]
 [1.76492422e-10            nan]
 [1.87720311e-10            nan]
 [2.12481280e-10            nan]
 [4.76145017e-10            nan]
 [1.98249792e-10            nan]
 [1.53497612e-10            nan]
 [4.60600796e-10            nan]
 [4.46271315e-10            nan]
 [4.42200796e-10            nan]
 [4.70027093e-10            nan]
 [1.87815536e-10            nan]
 [3.96789239e-10            nan]
 [4.46797612e-10            nan]
 [4.44372907e-10            nan]
 [4.90684464e-10            nan]
 [5.00848201e-10            nan]
 [4.36559758e-10            nan]
 [1.57194429e-10            nan]
 [4.36509170e-10            nan]
 [1.63654983e-10            nan]
 [4.28071315e-10            nan]
 [1.68535467e-10            nan]
 [1.64356574e-10            nan]
 [1.46766540e-10 3.58589239e-10]
 [4.58115536e-10            nan]
 [8.99697232e-11            nan]
 [1.74312353e-10            nan]
 [1.34183391e-12            nan]
 [4.80018720e-10            nan]
 [5.26654983e-10            nan]
 [1.67287647e-10            nan]
 [1.90038651e-10            nan]
 [5.15248201e-10            nan]
 [1.57697612e-10            nan]
 [5.16720311e-10            nan]
 [1.33609170e-10            nan]
 [           nan 4.82235467e-10]
 [2.17456574e-10            nan]
 [4.41779689e-10            nan]
 [4.69438651e-10            nan]
 [2.39186055e-10            nan]
 [5.08484464e-10            nan]
 [1.26825502e-10            nan]
 [5.04454983e-10            nan]
 [           nan 1.75796021e-10]
 [1.58702388e-10            nan]
 [4.71299204e-10            nan]
 [1.21330277e-10            nan]
 [4.22781280e-10            nan]
 [5.31603979e-10            nan]
 [4.84138651e-10            nan]
 [4.78643426e-10            nan]
 [4.89141834e-10            nan]
 [           nan 4.67648616e-10]
 [1.19196021e-10            nan]
 [7.48123529e-11            nan]
 [5.22082872e-10            nan]
 [4.23300796e-10            nan]
 [           nan 4.48796021e-10]
 [5.02228685e-10            nan]
 [1.10396021e-10            nan]
 [2.80027093e-10            nan]
 [4.51199204e-10            nan]
 [1.63602388e-10            nan]
 [1.82212353e-10            nan]
 [4.76589239e-10            nan]
 [4.70672907e-10            nan]
 [1.65233460e-10            nan]
 [1.80978097e-10            nan]
 [4.41220311e-10            nan]
 [5.12617128e-10            nan]
 [1.22161349e-10            nan]
 [1.05318720e-10            nan]
 [1.51200796e-10            nan]
 [1.12830277e-10            nan]
 [1.42045017e-10            nan]
 [4.75240242e-10            nan]
 [4.79537059e-10            nan]
 [4.35384464e-10            nan]
 [4.33677682e-10            nan]
 [2.22730277e-10            nan]
 [0.00000000e+00            nan]
 [1.47266540e-10            nan]
 [1.87092422e-10            nan]
 [5.13582872e-10            nan]
 [4.61010761e-10            nan]
 [4.75600796e-10            nan]
 [2.38159758e-10            nan]
 [4.67587647e-10            nan]
 [5.00961349e-10            nan]
 [4.22199204e-10            nan]
 [4.71350208e-10            nan]
 [           nan 4.59018720e-10]
 [1.31089239e-10            nan]
 [1.90699204e-10            nan]
 [3.34799204e-10            nan]
 [4.92627093e-10            nan]
 [4.10428685e-10            nan]
 [1.67776090e-10            nan]
 [1.32874498e-10            nan]
 [1.06412353e-10            nan]
 [           nan 1.18358166e-10]
 [4.48025502e-10            nan]
 [4.48400796e-10            nan]
 [1.86981280e-10            nan]
 [4.67969723e-10            nan]
 [           nan 4.40138651e-10]
 [4.71615536e-10            nan]
 [9.83466090e-11            nan]
 [1.29702388e-10            nan]
 [           nan 1.10618720e-10]
 [4.43858166e-10            nan]
 [1.34017128e-10            nan]
 [1.00409170e-10            nan]
 [1.07751799e-10            nan]
 [4.76627093e-10            nan]
 [1.82461349e-10            nan]
 [1.11486055e-10            nan]
 [4.42523910e-10            nan]
 [1.20235052e-10            nan]
 [1.77071315e-10            nan]
 [1.35786055e-10            nan]
 [1.38200796e-10            nan]
 [4.83430277e-10            nan]
 [6.18139446e-11            nan]
 [1.92658166e-10            nan]
 [4.93020311e-10            nan]
 [2.06884464e-10            nan]
 [1.63613945e-10            nan]
 [4.32249792e-10            nan]
 [1.60097612e-10            nan]
 [4.36617128e-10            nan]
 [1.62255017e-11            nan]
 [4.02543426e-10            nan]
 [4.02356574e-10            nan]
 [4.95346609e-10            nan]
 [4.49618720e-10            nan]
 [1.85079273e-10            nan]
 [4.33676090e-10            nan]
 [1.65449792e-10            nan]
 [1.80764533e-10            nan]
 [1.14389239e-10            nan]
 [4.38858166e-10            nan]
 [1.29979689e-10            nan]
 [4.61654983e-10            nan]
 [1.80679273e-10            nan]
 [1.62848201e-10            nan]
 [4.89800796e-10            nan]
 [4.33556574e-10            nan]
 [1.34532284e-10            nan]
 [4.55172907e-10            nan]
 [4.33687647e-10            nan]
 [4.66728685e-10            nan]
 [4.89325502e-10            nan]
 [4.87869723e-10            nan]
 [1.66928685e-10            nan]
 [6.11219031e-11            nan]
 [4.58871315e-10            nan]
 [1.71945017e-10            nan]
 [1.31340242e-10            nan]
 [3.72169723e-10            nan]
 [4.06215536e-10            nan]
 [4.88856574e-10            nan]
 [1.33486055e-10            nan]
 [4.04127093e-10            nan]
 [4.74669723e-10            nan]
 [2.41156574e-10 1.17481280e-10]
 [4.39674498e-10            nan]
 [2.33633460e-10            nan]
 [1.44712353e-10            nan]
 [4.26345017e-10            nan]
 [1.92115536e-10            nan]
 [3.80671315e-10            nan]
 [1.97976090e-10            nan]
 [1.33299204e-10            nan]
 [4.81610761e-10            nan]
 [1.15964533e-10            nan]
 [5.07145017e-10            nan]
 [4.86343426e-10            nan]
 [1.28161349e-10            nan]
 [4.40551799e-10            nan]
 [9.49270934e-11            nan]
 [1.81309170e-10            nan]
 [           nan 4.60225502e-10]
 [4.73851799e-10            nan]
 [1.20686055e-10            nan]
 [           nan 6.57681315e-11]
 [4.65931869e-10            nan]
 [4.80574498e-10            nan]
 [           nan 1.49427093e-10]
 [2.15500796e-10            nan]
 [1.37199204e-10            nan]
 [4.67036644e-10            nan]
 [5.07786055e-10            nan]
 [4.55007163e-10            nan]
 [1.33689239e-10            nan]
 [1.32007163e-10            nan]
 [4.66056574e-10            nan]
 [4.40496021e-10            nan]
 [4.60228685e-10            nan]
 [5.35896021e-10            nan]
 [9.09139446e-11            nan]
 [           nan 4.57784464e-10]
 [2.88096021e-10            nan]
 [1.58009170e-10            nan]
 [4.55613945e-10            nan]
 [           nan 1.46262941e-10]
 [1.70715536e-10            nan]
 [           nan 1.05141834e-10]
 [4.40246609e-10            nan]
 [1.53199204e-10            nan]
 [1.59097612e-10            nan]
 [1.29313945e-10            nan]
 [4.26513945e-10            nan]
 [1.59603979e-10            nan]
 [7.36549827e-11            nan]
 [1.18309170e-10            nan]
 [9.48792734e-11            nan]
 [4.92489239e-10            nan]
 [4.29003979e-10            nan]
 [1.62527093e-10            nan]
 [1.73240242e-10            nan]
 [4.11089239e-10            nan]
 [1.95472907e-10            nan]
 [1.28769723e-10            nan]
 [1.75386055e-10            nan]
 [4.28197612e-10            nan]
 [1.38828685e-10            nan]
 [4.68640242e-10            nan]
 [4.30868131e-10            nan]
 [2.04386055e-10            nan]]
index_where_photons_det_z: [    0    11    15    18    42    60    65    70    75    80    99   106
   165   186   200   202   234   263   264   286   287   290   310   314
   355   369   380   437   483   499   525   539   580   618   673   781
   784   788   837   853   858   862   869   920   949   967  1024  1027
  1049  1056  1156  1181  1194  1203  1237  1243  1252  1268  1276  1298
  1319  1426  1429  1486  1493  1528  1533  1546  1550  1564  1579  1580
  1615  1654  1664  1707  1719  1727  1736  1743  1771  1786  1788  1856
  1898  1899  1914  1924  1931  1935  1952  1998  2016  2034  2123  2162
  2182  2196  2214  2220  2239  2243  2244  2249  2345  2382  2389  2397
  2423  2442  2447  2472  2484  2496  2507  2519  2536  2543  2544  2559
  2566  2569  2571  2576  2586  2607  2650  2675  2707  2717  2727  2728
  2729  2753  2797  2824  2838  2840  2842  2851  2861  2865  2894  2902
  2903  2907  2925  2937  2940  2953  2984  2993  2996  3010  3037  3043
  3070  3232  3245  3249  3260  3268  3271  3331  3336  3370  3376  3429
  3437  3477  3487  3569  3590  3606  3612  3632  3641  3646  3666  3682
  3691  3743  3748  3780  3786  3817  3821  3838  3853  3865  3936  3973
  3991  3996  4073  4083  4090  4100  4101  4115  4126  4131  4143  4149
  4153  4163  4166  4219  4226  4246  4276  4300  4307  4322  4323  4329
  4365  4422  4458  4471  4478  4508  4551  4576  4587  4645  4653  4657
  4664  4675  4685  4711  4716  4729  4736  4768  4784  4791  4814  4818
  4852  4858  4895  4908  4952  5019  5038  5070  5080  5122  5153  5178
  5192  5240  5354  5362  5384  5392  5412  5413  5448  5478  5521  5539
  5544  5596  5617  5653  5683  5711  5732  5742  5767  5791  5876  5880
  5947  5982  6022  6055  6076  6124  6156  6165  6185  6250  6270  6280
  6285  6287  6318  6321  6322  6363  6366  6378  6404  6417  6426  6436
  6461  6469  6471  6492  6525  6530  6539  6550  6578  6605  6613  6647
  6673  6681  6694  6706  6729  6733  6771  6779  6820  6830  6855  6906
  6940  6968  7004  7032  7049  7051  7052  7066  7104  7128  7203  7220
  7231  7237  7242  7302  7469  7471  7475  7494  7495  7501  7504  7533
  7534  7585  7645  7683  7701  7707  7764  7765  7778  7792  7814  7827
  7863  7875  7893  7920  7924  7968  7979  8013  8043  8051  8056  8062
  8073  8075  8088  8091  8107  8115  8122  8130  8171  8230  8250  8281
  8319  8329  8367  8374  8380  8411  8413  8423  8508  8536  8547  8560
  8575  8628  8649  8661  8681  8686  8706  8743  8781  8782  8819  8831
  8876  8891  8894  8929  8960  8983  8998  9062  9079  9101  9139  9143
  9148  9149  9164  9168  9177  9256  9317  9327  9337  9378  9423  9429
  9441  9444  9463  9514  9518  9529  9570  9578  9618  9622  9630  9640
  9641  9666  9678  9739  9867  9870  9880  9893  9985 10001 10047 10068
 10070 10084 10099 10107 10139 10170 10172 10185 10235 10282 10287 10291
 10304 10324 10382 10403 10415 10435 10462 10480 10482 10509 10528 10603
 10620 10630 10634 10694 10703 10739 10755 10785 10806 10815 10826 10827
 10833 10848 10859 10900 10945 10976 11046 11049 11057 11063 11067 11076
 11078 11145 11146 11154 11162 11176 11180 11195 11201 11202 11261 11284
 11330 11379 11408 11412 11415 11431 11460 11474 11522 11552 11572 11586
 11645 11650 11715 11726 11729 11746 11769 11783 11788 11832 11856 11874
 11932 12044 12091 12107 12119 12142 12190 12260 12269 12277 12296 12298
 12306 12324 12349 12357 12358 12400 12403 12433 12439 12445 12467 12533
 12545 12556 12557 12558 12618 12631 12664 12669 12721 12724 12779 12811
 12835 12849 12899 12905 12919 12937 12943 12956 12991 13038 13067 13076
 13104 13173 13184 13199 13214 13270 13297 13307 13338 13348 13370 13373
 13514 13541 13551 13566 13594 13604 13624 13628 13635 13643 13658 13672
 13676 13743 13760 13778 13786 13797 13798 13803 13811 13828 13861 13893
 13941 13948 13951 13959 14023 14035 14079 14098 14113 14122 14130 14151
 14182 14184 14204 14258 14277 14293 14298 14318 14350 14354 14358 14425
 14449 14468 14469 14486 14520 14527 14542 14544 14548 14555 14558 14561
 14565 14580 14596 14604 14615 14640 14650 14677 14683 14742 14786 14787
 14826 14840 14868 14870 14919 14944 14956 15007 15037 15089 15090 15109
 15117 15148 15159 15167 15216 15242 15264 15269 15279 15283 15288 15300
 15311 15332 15375 15449 15486 15498 15513 15561 15579 15595 15611 15619
 15624 15649 15660 15687 15748 15770 15808 15815 15858 15861 15864 15927
 15941 15975 16018 16020 16021 16037 16054 16061 16073 16115 16178 16190
 16196 16241 16382 16387 16437 16475 16479 16482 16544 16576 16604 16615
 16618 16638 16654 16723 16725 16736 16738 16763 16810 16813 16840 16846
 16852 16856 16878 16908 16925 16935 16953 16956 16962 16976 17004 17091
 17096 17134 17135 17154 17166 17170 17177 17208 17227 17228 17231 17238
 17253 17265 17293 17310 17333 17395 17424 17443 17499 17500 17516 17521
 17526 17552 17561 17577 17595 17597 17601 17613 17629 17662 17669 17719
 17722 17758 17770 17858 17866 17971 17979 18031 18047 18091 18125 18154
 18182 18212 18213 18216 18281 18308 18316 18334 18343 18379 18449 18455
 18499 18520 18534 18574 18576 18593 18602 18606 18638 18663 18703 18727
 18740 18752 18757 18758 18775 18795 18835 18841 18880 18883 18900 18912
 18940 18954 18956 18961 18970 19012 19046 19079 19156 19166 19175 19223
 19232 19374 19415 19453 19461 19496 19546 19550 19569 19594 19624 19671
 19692 19764 19788 19794 19805 19834 19847 19851 19860 19874 19937 19948
 19950 19955 19962 19971 19982]
