function_used: classificator_new
n_samples: 5000
seed: 56879
non_signal_voltage: -1.2
voltage_decoy: -0.745242926478386
voltage: -0.2
voltage_decoy_sup: -0.8355372935533523
voltage_sup: -0.4324394613504409
p_indep_x_states_non_dec: None
p_indep_x_states_dec: None
time_photons_det_x: [[1.30781315e-10]
 [4.25223529e-10]
 [5.09739446e-10]
 [1.64223529e-10]
 [4.13818339e-10]
 [4.68818339e-10]
 [4.61928720e-10]
 [5.18560554e-10]
 [5.20229412e-10]
 [4.51249827e-10]
 [3.51912803e-10]
 [3.31228720e-10]
 [1.92976471e-10]
 [2.10150173e-10]
 [5.59187543e-10]
 [4.89281661e-10]
 [4.01587197e-10]
 [2.98461246e-10]
 [2.40671280e-10]
 [4.33002422e-10]
 [3.85349827e-10]
 [5.24944983e-10]
 [5.43455709e-10]
 [4.65450173e-10]
 [4.60318339e-10]
 [4.60971280e-10]
 [1.44349827e-10]
 [4.81581661e-10]
 [3.83465052e-10]
 [1.10581315e-10]
 [4.43565744e-10]
 [5.79187543e-10]
 [4.93055363e-10]
 [1.58134256e-10]
 [1.70544637e-10]
 [4.36381315e-10]
 [4.56444637e-10]
 [1.50855363e-10]
 [5.06987197e-10]
 [4.91386851e-10]
 [4.97855363e-10]
 [2.11318339e-10]
 [4.86455363e-10]
 [4.75976125e-10]
 [1.78381661e-10]
 [8.98557094e-11]
 [4.70765744e-10]]
detected_indices_x: (47, 1)
detected_indices_x_det_x_basis: [[1]
 [1]
 [1]
 [1]
 [1]
 [0]
 [1]]
