function_used: hist_x
n_samples: None
seed: None
non_signal_voltage: None
voltage_decoy: None
voltage: None
voltage_decoy_sup: None
voltage_sup: None
p_indep_x_states_non_dec: None
p_indep_x_states_dec: None
hist_x: [0 0 0 0 0 0 0 0 0 0 0 0 0 0 0 0 0 0 0 0 0 0 0 0 0 0 0 0 0 0 0 0 0 0 0 0 0
 0 0 0 0 0 0 0 0 0 0 0 0 0 0 0 0 0 0 0 0 0 0 0 0 0 0 0 0 0 0 0 0 0 0 0 0 0
 0 0 0 0 0 0 0 0 0 0 0 0 0 0 0 0 0 0 0 0 0 0 0 0 0 0 0 0 0 0 0 0 0 0 0 0 0
 0 0 0 0 0 0 0 0 0 0 0 0 0 0 0 0 0 0 0 0 0 0 0 0 0 0 0 0 0 0 0 0 0 0 0 0 0
 0 0 0 0 0 0 0 0 0 0 0 0 0 0 0 0 0 0 0 0 0 0 0 0 0 0 0 0 0 0 0 0 0 0 0 0 0
 0 0 0 0 0 0 0 0 0 0 0 0 0 0 0 0 0 0 0 0 0 0 0 0 0 0 0 0 0 0 0 0 0 0 0 0 0
 0 0 0 0 0 0 0 0 0 0 0 0 0 0 0 0 0 0 0 0 0 0 0 0 0 0 0 0 0 0 0 0 0 0 0 0 0
 0 0 0 0 0 0 0 0 0 0 0 0 0 0 0 0 0 0 0 0 0 0 0 0 0 0 0 0 0 0 0 0 0 0 0 0 0
 0 0 0 0 0 0 0 0 0 0 0 0 0 0 0 0 0 0 0 0 0 0 0 0 0 0 0 0 0 0 0 0 0 0 0 0 0
 0 0 0 0 0 0 0 0 0 0 0 0 0 0 0 0 0 0 0 0 0 0 0 0 0 0 0 0 0 0 0 0 0 0 0 0 0
 0 0 0 0 0 0 0 0 0 0 0 0 0 0 0 0 0 0 0 0 0 0 0 0 0 0 0 0 0 0 0 0 0 0 0 0 0
 0 0 0 0 0 0 0 0 0 0 0 0 0 0 0 0 0 0 0 0 0 0 0 0 0 0 0 0 0 0 0 0 0 0 0 0 0
 0 0 0 0 0 0 0 0 0 0 0 0 0 0 0 0 0 0 0 0 0 0 0 0 0 0 0 0 0 0 0 0 0 0 0 0 0
 0 0 0 0 0 0 0 0 0 0 0 0 0 0 0 0 0 0 0 0 0 0 0 0 0 0 0 0 0 0 0 0 0 0 0 0 0
 0 0 0 0 0 0 0 0 0 0 0 0 0 0 0 0 0 0 0 0 0 0 0 0 0 0 0 0 0 0 0 0 0 0 0 0 0
 0 0 0 0 0 0 0 0 0 0 0 0 0 0 0 0 0 0 0 0 0 0 0 0 0 0 0 0 0 0 0 0 0 0 0 0 0
 0 0 0 0 0 0 0 0 0 0 0 0 0 0 0 0 0 0 0 0 0 0 0 0 0 0 0 0 0 0 0 0 0 0 0 0 0
 0 0 0 0 0 0 0 0 0 0 0 0 0 0 0 0 0 0 0 0 0 0 0 0 0 0 0 0 0 0 0 0 0 0 0 0 0
 0 0 0 0 0 0 0 0 0 0 0 0 0 0 0 0 0 0 0 0 0 0 0 0 0 0 0 0 0 0 0 0 0 0 0 0 0
 0 0 0 0 0 0 0 0 0 0 0 0 0 0 0 0 0 0 0 0 0 0 0 0 0 0 0 0 0 0 0 0 0 0 0 0 0
 0 0 0 0 0 0 0 0 0 0 0 0 0 0 0 0 0 0 0 0 0 0 0 0 0 0 0 0 0 0 0 0 0 0 0 0 0
 0 0 0 0 0 0 0 0 0 0 0 0 0 0 0 0 0 0 0 0 0 0 0 0 0 0 0 0 0 0 0 0 0 0 0 0 0
 0 0 0 0 0 0 0 0 0 0 0 0 0 0 0 0 0 0 0 0 0 0 0 0 0 0 0 0 0 0 0 0 0 0 0 0 0
 0 0 0 0 0 0 0 0 0 0 0 0 0 0 0 0 0 0 0 0 0 0 0 0 0 0 0 0 0 0 0 0 0 0 0 0 0
 0 0 0 0 0 0 0 0 0 0 0 0 0 0 0 0 0 0 0 0 0 0 0 0 0 0 0 0 0 0 0 0 0 0 0 0 0
 0 0 0 0 0 0 0 0 0 0 0 0 0 0 0 0 0 0 0 0 0 0 0 0 0 0 0 0 0 0 0 0 0 0 0 0 0
 0 0 0 0 0 0 0 0 0 0 0 0 0 0 0 0 0 0 0 0 0 0 0 0 0 0 0 0 0 0 0 0 0 0 0 0 0
 0 0 0 0 0 0 0 0 0 0 0 0 0 0 0 0 0 0 0 0 0 0 0 0 0 0 0 0 0 0 0 0 0 0 0 0 0
 0 0 0 0 0 0 0 0 0 0 0 0 0 0 0 0 0 0 0 0 0 0 0 0 0 0 0 0 0 0 0 0 0 0 0 0 0
 0 0 0 0 0 0 0 0 0 0 0 0 0 0 0 0 0 0 0 0 0 0 0 0 0 0 0 0 0 0 0 0 0 0 0 0 0]
time_photons_det_x: [[1.61839100e-10]
 [1.95166090e-10]
 [2.22676471e-10]
 [3.90781661e-10]
 [1.87955363e-10]
 [4.58202768e-10]
 [1.46060554e-10]
 [3.75892042e-10]
 [4.10770934e-10]
 [2.30560900e-10]
 [3.66755709e-10]
 [4.88171280e-10]
 [5.58913495e-10]
 [5.20302768e-10]
 [1.87107958e-10]
 [7.49494809e-11]
 [4.06413149e-10]
 [5.13302768e-10]
 [4.66666090e-10]
 [5.46071626e-10]
 [4.52449827e-10]
 [1.24981315e-10]
 [5.38697924e-10]
 [4.21649827e-10]
 [4.08123183e-10]
 [4.90460554e-10]
 [1.60655363e-10]
 [1.07192042e-10]
 [1.07207612e-10]
 [2.06287197e-10]
 [2.05397578e-10]
 [4.61107958e-10]
 [4.89355363e-10]
 [2.27123875e-10]
 [5.16344983e-10]
 [4.19007612e-10]
 [4.67444983e-10]
 [4.22428720e-10]
 [6.81128027e-11]
 [4.35965744e-10]
 [5.39240139e-10]
 [3.49123875e-10]
 [1.64113149e-10]
 [2.07097578e-10]
 [4.53823529e-10]
 [5.57250173e-10]
 [1.70466090e-10]
 [3.84555017e-10]
 [4.30992042e-10]
 [3.95039446e-10]
 [4.97287197e-10]
 [2.93996540e-10]
 [4.61592042e-10]
 [4.57118339e-10]
 [4.44418339e-10]
 [1.58544983e-10]
 [3.99897232e-10]
 [3.68607612e-10]
 [2.27039792e-10]
 [4.01392042e-10]
 [1.85544637e-10]
 [3.85442906e-11]
 [3.97033910e-10]
 [6.15100000e-10]
 [5.75566090e-10]
 [4.03833564e-10]
 [1.18592042e-10]
 [4.96902768e-10]
 [4.72107958e-10]
 [5.11412803e-10]
 [1.07886505e-10]
 [5.50266090e-10]
 [4.37744637e-10]
 [3.88486505e-10]
 [2.45344983e-10]
 [1.02792042e-10]
 [5.21571626e-10]
 [4.12196886e-10]
 [1.52081661e-10]
 [4.75213149e-10]
 [1.61092042e-10]
 [4.85744983e-10]
 [2.07371280e-10]
 [4.68665744e-10]
 [1.41976125e-10]
 [3.50465744e-10]
 [5.10823875e-10]
 [4.27555363e-10]
 [4.46876125e-10]
 [1.85834256e-10]
 [4.56413149e-10]
 [2.15797578e-10]
 [4.59570934e-10]
 [1.90860554e-10]
 [2.43287197e-10]
 [6.00754324e-11]
 [4.47276471e-10]]
index_where_photons_det_x: [  87   96   99  236  264  406  550  710  727  754  797  817 1007 1058
 1146 1170 1247 1249 1280 1309 1439 1641 1667 1688 1727 1934 1956 2041
 2131 2286 2307 2405 2516 2559 2576 2621 2636 2666 2865 2867 3038 3306
 3327 3414 3455 3647 4245 4355 4730 4748 4781 4946 4972 5258 5420 5527
 5537 5555 5568 5618 5769 5811 5840 5933 5960 6041 6103 6197 6260 6271
 6426 6608 6860 6887 7032 7053 7121 7592 7755 7769 7851 8083 8119 8216
 8223 8231 8297 8606 8756 8805 8981 9174 9341 9487 9618 9669 9743]
