function_used: hist_x
n_samples: None
seed: None
non_signal_voltage: None
voltage_decoy: None
voltage: None
voltage_decoy_sup: None
voltage_sup: None
p_indep_x_states_non_dec: None
p_indep_x_states_dec: None
hist_x: [0 0 0 0 1 1 2 3 0 0 0 0 0 0 0 0 0 0 0 1 2 2 0 0 1 1 0 0 0 0 0 0 0 0 2 2 3
 3 3 2 0 0 0 0 0 0 0 0 0 0 4 9 3 1 3 1 2 0 0 0 0 0 0 0 0 0 1 0 0 1 0 0 0 0
 0 0 0 0 0 2 6 2 7 3 5 2 0 0 0 0 0 0 0 0 1 0 1 0 1 1 0 0 0 0 0 0 0 0 0 3 2
 9 5 5 4 2 0 0 0 0 0 0 0 0 0 0 3 3 7 2 1 0 0 0 0 0 0 0 0 0 0 0 0 0 0 0 0 0
 0 0 0 0 0 0 0 2 0 0 0 0 0 0 0 0 0 0 0 0 0 1 0 6 3 3 1 0 1 0 0 0 0 0 0 0 0
 0 0 0 0 0 0 0 0 0 0 0 0 0 0 0 0 0 0 0 0 0 0 0 0 0 0 0 0 0 0 1 0 0 0 0 0 0
 0 0 0 0 0 0 0 0 0 1 1 1 1 0 0 0 0 0 0 0 0 0 0 0 0 0 0 0 0 0 0 0 0 0 0 0 0
 0 0 0 0 0 0 0 0 0 0 0 0 0 0 0 0 0 0 1 0 1 0 0 0 0 0 0 0 0 0 0 0 0 1 0 0 0
 0 0 0 0 0 0 0 0 0 0 0 0 0 0 0 0 0 0 0 0 0 0 0 0 0 0 0 0 0 0 0 0 0 0 0 0 0
 0 1 0 0 0 2 1 0 0 0 0 0 0 0 0 0 3 1 2 3 2 3 1 0 0 0 0 0 0 0 2 1 0 0 3 2 6
 0 0 0 0 0 0 0 0 0 0 4 5 7 3 2 1 1 0 0 0 0 0 0 0 0 1 1 1 2 0 1 0 0 0 0 0 0
 0 0 0 0 0 0 0 0 0 0 0 0 0 0 0 0 0 0 0 1 1 0 2 0 0 0 0 0 0 0 0 0 1 5 2 4 3
 3 1 1 0 0 0 0 0 0 0 0 0 0 2 0 0 0 0 0 0 0 0 0 0 0 0 0 0 0 0 0 0 0 0 0 0 0
 0 0 0 0 0 0 0 0 0 0 0 0 0 0 0 0 0 0 0 0 1 2 0 0 0 0 0 0 0 0 0 0 0 0 0 1 1
 0 0 0 0 0 0 0 0 0 0 0 0 0 0 0 0 0 0 0 0 0 0 0 0 0 0 0 0 0 0 0 0 0 0 0 0 0
 0 0 0 0 0 0 0 1 1 0 1 0 0 0 0 0 0 0 0 0 1 2 0 0 0 0 0 0 0 0 0 0 0 0 0 0 0
 0 0 0 0 0 0 0 0 0 0 0 0 0 1 2 2 1 2 1 0 0 0 0 0 0 0 0 0 0 0 0 0 0 0 0 0 0
 0 0 0 0 0 0 0 0 0 0 0 0 0 0 0 0 0 0 0 0 0 0 0 0 0 0 0 0 0 0 0 0 0 0 0 0 0
 0 1 0 0 0 0 0 0 0 0 0 0 0 0 0 0 0 0 0 0 0 0 0 0 0 0 0 0 0 0 0 0 0 0 0 0 0
 0 0 0 0 0 0 0 0 0 0 0 0 0 0 0 0 0 0 0 0 0 0 0 1 1 0 0 0 0 0 0 0 0 0 0 0 0
 0 0 0 0 0 0 0 0 0 0 0 0 0 0 0 0 0 0 0 0 1 0 0 0 0 0 0 0 0 0 0 0 0 0 0 0 0
 0 0 0 0 0 0 0 0 1 0 0 0 0 0 0 0 0 0 0 0 0 0 0 0 0 0 0 0 0 0 0 0 0 0 0 0 0
 0 0 0 0 0 0 0 0 0 0 0 0 0 0 0 0 0 0 0 0 0 0 0 0 0 0 0 0 0 0 0 0 0 1 0 0 0
 0 0 0 0 0 0 0 0 0 0 0 0 0 0 0 0 0 0 0 0 0 0 0 0 0 0 0 0 0 0 0 0 0 0 0 0 0
 0 0 0 0 0 0 0 0 0 0 0 0 0 0 0 0 0 0 0 0 0 0 0 0 0 0 0 0 0 0 0 0 0 0 0 0 0
 0 0 0 0 0 0 0 0 0 0 0 0 0 0 0 0 0 0 0 0 0 0 0 0 0 0 0 0 0 0 0 0 0 0 0 0 0
 0 0 0 0 0 0 0 0 0 0 0 0 0 0 0 0 0 0 0 0 0 0 0 0 0 0 0 0 0 0 0 0 0 0 0 0 0
 0 0 0 0 0 0 0 0 0 0 0 0 0 0 0 0 0 0 0 0 0 0 0 0 0 0 0 0 0 0 0 0 0 0 0 0 0
 0 0 0 0 0 0 0 0 0 0 0 0 0 0 0 0 0 0 0 0 0 0 0 0 0 0 0 0 0 0 0 0 0 0 0 0 0
 0 0 0 0 0 0 0 0 0 0 0 0 0 1 1 0 0 0 0 0 0 0 0 0 0 0 0 0 0 1 0 0 0 1 0 0 0]
hist_x_sum: 274
time_photons_det_x: [[4.72277682e-10]
 [4.68533460e-10]
 [1.61113945e-10]
 [5.09886055e-10]
 [4.68958166e-10]
 [1.36289654e-10]
 [4.59003979e-10]
 [4.99258166e-10]
 [4.89809170e-10]
 [4.21437059e-10]
 [5.14271315e-10]
 [1.47917128e-10]
 [4.34327093e-10]
 [4.56268131e-10]
 [1.62056574e-10]
 [4.14753391e-10]
 [4.84300796e-10]
 [5.36715536e-10]
 [1.64612353e-10]
 [1.48962941e-10]
 [8.37239100e-11]
 [4.57671315e-10]
 [1.43369723e-10]
 [5.16361349e-10]
 [4.48269723e-10]
 [9.51976125e-11]
 [4.25682872e-10]
 [4.26843426e-10]
 [4.25427093e-10]
 [4.55610761e-10]
 [4.57787647e-10]
 [8.19270934e-11]
 [4.70325502e-10]
 [5.00046609e-10]
 [3.94637059e-10]
 [1.65664533e-10]
 [1.65777682e-10]
 [4.36499204e-10]
 [5.16403979e-10]
 [4.46174498e-10]
 [5.02158166e-10]
 [4.23309170e-10]
 [4.49371315e-10]
 [4.97138651e-10]
 [4.24963356e-10]
 [1.30056574e-10]
 [1.47092422e-10]
 [1.28587647e-10]
 [1.81471315e-10]
 [1.63287647e-10]
 [4.53797612e-10]
 [4.44250208e-10]
 [1.30837059e-10]
 [4.37318720e-10]
 [1.69317128e-10]
 [3.95205986e-10]
 [1.92290830e-10]
 [1.20499204e-10]
 [4.77410761e-10]
 [9.70434256e-11]
 [4.97858166e-10]
 [1.51441834e-10]
 [4.46174498e-10]
 [1.94031869e-10]
 [1.20858166e-10]
 [4.33684464e-10]
 [4.37035467e-10]
 [1.26812353e-10]
 [4.48430277e-10]
 [5.09671315e-10]
 [4.01696021e-10]
 [4.71800796e-10]
 [4.31240242e-10]
 [4.85199204e-10]
 [4.69756574e-10]
 [5.08272907e-10]
 [4.57800796e-10]
 [4.54556574e-10]
 [4.90625502e-10]
 [1.93220727e-10]
 [4.18418720e-10]
 [4.95659758e-10]
 [2.02476505e-10]
 [4.36186055e-10]
 [4.53258166e-10]
 [4.69513945e-10]
 [4.51743426e-10]
 [1.32410761e-10]
 [1.79233460e-10]
 [1.51696021e-10]
 [4.84792422e-10]
 [1.95943426e-10]
 [1.45268131e-10]
 [1.45531869e-10]
 [1.54584464e-10]
 [1.90499204e-10]
 [2.03753391e-10]
 [5.19961349e-10]
 [4.16887647e-10]
 [1.78146609e-10]
 [4.63812353e-10]
 [1.73940242e-10]
 [1.06787647e-10]
 [4.16333460e-10]
 [4.18333460e-10]
 [1.32331869e-10]
 [4.36169723e-10]
 [1.93705571e-10]
 [4.70856574e-10]
 [5.12263356e-10]
 [3.99300796e-10]
 [1.04271315e-10]
 [1.85315536e-10]
 [2.22556574e-10]
 [4.47145017e-10]
 [4.81802388e-10]
 [4.73002388e-10]
 [5.23453391e-10]
 [5.36138651e-10]
 [2.13682872e-10]
 [4.69030277e-10]
 [4.31700796e-10]
 [4.36302388e-10]
 [4.38382872e-10]
 [1.08094014e-10]
 [1.35654983e-10]
 [1.82831869e-10]
 [4.73762941e-10]
 [4.69630277e-10]
 [4.29772907e-10]
 [5.37620727e-10]
 [1.53838651e-10]
 [4.95271315e-10]
 [4.38386055e-10]
 [4.09441834e-10]]
index_where_photons_det_x: [   80   107   269   414   434   647  1097  1100  1181  1281  1618  1625
  1639  2125  2277  2299  2465  2519  3003  3163  3353  3364  3461  3712
  4085  4263  4401  4755  4764  5035  5069  5107  5303  5318  5407  5820
  6460  6544  6610  6780  7117  7642  7655  7748  7985  8219  8228  8571
  8828  9017  9123  9226  9227  9453  9509  9525  9720  9842  9935 10009
 10145 10227 10331 10420 10460 10476 10763 10944 11019 11038 11039 11429
 11577 11593 11668 11778 11833 11996 12006 12168 12208 12245 12448 12886
 12959 13058 13369 13377 13393 13488 13806 13892 13907 13949 13984 14150
 14578 14678 14693 14736 14892 14907 14965 15362 15396 15735 15839 15890
 15931 16076 16225 16313 16376 16472 16726 16831 17123 17278 17395 17400
 17448 17477 17500 17528 18053 18318 18815 19133 19163 19191 19278 19287
 19301 19351 19853]
