n_samples: 200
seed: 624537
non_signal_voltage: {non_signal_voltage}
voltage_decoy: {voltage_decoy}
voltage: {voltage}
voltage_decoy_sup: {voltage_decoy_sup}
voltage_sup: {voltage_sup}
len_wrong_detections_z: 1
len_wrong_detections_x: 0
total_amount_detections: 0
amount_Z_detections: 0
amount_XP_detections: 0
qber: 0
phase_error_rate: 0
raw_key_rate: 0.0
gain_XP_norm: 0.0
gain_XP_dec: 0.0
gain_Z_norm: 0.0
gain_Z_dec: 0.0
calc_mean_photon_nr_eam: [0.69693117 0.72071688 0.70808426 0.66756723 0.10553334 0.74691139
 0.6823917  0.71297082 0.68423416 0.69775221 0.66719109 0.6781985
 0.68761854 0.6935024  0.70546093 0.70121151 0.65795601 0.67880772
 0.65870324 0.7420096  0.69861067 0.66352859 0.72505693 0.6972875
 0.69163226 0.71244561 0.70170982 0.7032896  0.65648367 0.66695566
 0.7157433  0.69821804 0.70219363 0.66453582 0.67343761 0.70135703
 0.69358591 0.69401207 0.64281187 0.699736   0.70490177 0.66425037
 0.66758204 0.70392648 0.68438567 0.68068004 0.70497935 0.6779683
 0.6811824  0.70854363 0.72722    0.10215152 0.70297329 0.0997912
 0.65217189 0.6733961  0.69228798 0.66499881 0.66492054 0.72540024
 0.10440402 0.71367161 0.72269775 0.10149015 0.66155476 0.71690491
 0.70762523 0.69236084 0.71201519 0.69904568 0.71789148 0.679586
 0.73262089 0.716225   0.74273867 0.70124823 0.73213851 0.71083059
 0.72140653 0.10921605 0.67198924 0.70262037 0.72843031 0.70244307
 0.70979732 0.715698   0.74426625 0.63243964 0.72863016 0.70189245
 0.69302934 0.71200574 0.69855592 0.09920774 0.6592911  0.72171127
 0.71809714 0.65969697 0.70980697 0.67469547 0.67546255 0.71564312
 0.69210613 0.67131694 0.64948238 0.69070822 0.67717747 0.66603207
 0.67876005 0.66320861 0.7447792  0.65375867 0.75553801 0.6433532
 0.68588891 0.71209405 0.687402   0.7202285  0.70222683 0.70759952
 0.73051055 0.67429476 0.69180953 0.65060876 0.66513958 0.70571718
 0.68226701 0.65554743 0.75721684 0.6196755  0.68665767 0.67270019
 0.69946467 0.71539888 0.71473073 0.66858012 0.65756526 0.70492711
 0.66426032 0.68118465 0.70554587 0.65487846 0.69951322 0.67201854
 0.70443552 0.67231463 0.1039666  0.70505641 0.65493838 0.69336742
 0.70034792 0.67162549 0.68857516 0.70227322 0.71828333 0.68172259
 0.71346557 0.63783204 0.10270568 0.69050992 0.6785155  0.68361236
 0.70044058 0.68500216 0.71243659 0.73867357 0.67679741 0.66997194
 0.10216302 0.71652837 0.67636776 0.69770512 0.72639649 0.66904763
 0.70311544 0.7275655  0.65570205 0.65472474 0.67992613 0.71547885
 0.66021659 0.107994   0.10776385 0.67076863 0.67698071 0.67842902
 0.70620479 0.71611872 0.69964599 0.71496627 0.7034602  0.6536723
 0.67424541 0.68791794 0.67315586 0.70825516 0.09468684 0.70925365
 0.68579925 0.66408005]
calc_mean_photon_nr_detector_x: [5.56377360e-02 1.58250229e-04 4.43133666e-03 4.86417350e-02
 4.21411616e-02 7.55063053e-02 2.24297033e-02 1.02542088e-01
 4.91512529e-02 7.18300592e-02 2.51320120e-04 2.29657226e-02
 5.59297095e-02 1.89633337e-04 2.28224736e-02 5.78733213e-02
 5.23059136e-04 5.14726824e-03 4.73347572e-02 6.26908686e-02
 5.22087946e-03 9.88033033e-02 7.37126145e-02 6.03897904e-03
 5.02450825e-02 5.87756597e-02 1.20532219e-04 4.42582206e-03
 4.71772789e-02 5.20475605e-02 2.20138959e-04 6.08265611e-03
 7.07493031e-02 2.15134635e-02 4.84300318e-02 9.96087674e-02
 9.83545978e-02 6.75072303e-02 7.16436907e-03 5.09948027e-02
 5.80056637e-02 1.93377770e-02 5.30640878e-02 2.31285168e-02
 5.41353309e-02 4.18840225e-04 4.74826102e-03 4.90066603e-02
 5.39036057e-02 9.03084094e-03 5.52714822e-02 5.27886479e-02
 5.14960166e-02 1.38087763e-02 2.00074990e-02 4.85011801e-02
 7.19424959e-02 2.00830748e-02 5.14653015e-02 1.54282374e-02
 3.92087891e-02 1.03251621e-01 5.45791678e-02 2.47233169e-02
 1.91847677e-02 5.92139328e-02 1.15553842e-04 4.69925419e-04
 2.30256251e-02 5.59111658e-02 1.64892525e-04 2.36111199e-04
 2.09305426e-04 7.85955511e-03 7.42448464e-02 2.54271820e-02
 5.95692871e-02 2.05931530e-02 1.04505458e-01 3.12913734e-02
 4.84832081e-02 5.69018074e-02 4.68481892e-05 1.12847176e-05
 1.10744964e-04 1.57765430e-04 4.31824643e-03 6.82969923e-02
 2.55804737e-04 3.11280771e-04 6.56646967e-04 6.06324110e-03
 5.12455726e-02 1.36848665e-02 1.38229807e-04 2.30127273e-02
 5.89001855e-02 4.45669593e-04 1.51014450e-04 2.31972003e-02
 3.75680872e-04 5.94752900e-03 9.66617022e-02 6.87358952e-02
 1.95091733e-02 4.97896613e-02 9.48373386e-02 4.77065433e-02
 5.59748107e-02 1.06434610e-04 2.47832291e-02 5.07477435e-02
 6.55047756e-04 1.97605040e-02 9.73281502e-02 1.01700402e-01
 5.43093493e-02 6.46592796e-03 5.11858719e-02 5.72045626e-02
 5.33844540e-03 7.02343750e-02 2.20616739e-02 5.18906922e-02
 1.67816715e-04 5.98916902e-03 6.62826824e-02 5.19677747e-04
 2.39811249e-02 8.58915278e-02 5.45685908e-02 1.99147110e-02
 5.56133321e-02 3.71939859e-04 6.21202135e-03 6.54807675e-02
 4.34707182e-04 1.66103004e-04 6.34953843e-03 9.87802826e-02
 6.98971521e-02 7.31896048e-03 7.13669428e-02 1.19992740e-04
 1.18667773e-04 9.95814498e-03 5.31995316e-02 5.12254278e-02
 5.25711666e-02 5.99543191e-03 5.10206294e-02 4.87170691e-02
 7.04386877e-02 1.99207857e-04 9.57876014e-05 7.34968570e-05
 2.26220516e-02 8.96974633e-02 1.26452025e-02 2.68144712e-05
 1.84459512e-04 1.87847226e-02 5.66849922e-02 7.65573710e-03
 1.04652891e-01 1.01087149e-01 6.85415870e-02 1.43327389e-02
 7.10617262e-04 1.03372626e-01 9.56086682e-02 5.48181796e-02
 2.77341589e-04 7.54173064e-03 1.02917331e-01 5.32044040e-02
 9.26885615e-02 9.16781469e-02 4.99069303e-02 7.21524192e-02
 1.36690953e-02 2.48019808e-05 3.53925825e-02 6.81494026e-02
 2.20794104e-02 5.45643101e-02 6.31828701e-03 5.23588532e-02
 5.12917372e-02 1.01818673e-01 5.10607586e-02 5.21014586e-02
 1.03986265e-04 6.46137898e-03 7.20559228e-02 2.16811418e-02
 3.43904255e-03 5.94921902e-02 4.98770735e-03 6.94812900e-02]
Z0_sent_norm: 46
Z0_sent_dec: 3
Z1_sent_norm: 49
Z1_sent_dec: 3
XP_sent_norm: 92
XP_sent_dec: 7
execution_time_run: 13.624592542648315
time_simulating_signal: 8.720039367675781
time_eam: 9.154890537261963
