function_used: run_simulation_detection_tester
n_samples: 20000
seed: 559420
non_signal_voltage: -1.1
voltage_decoy: -0.17850015461444851
voltage: -0.1
voltage_decoy_sup: -0.4175719827413558
voltage_sup: -0.3769288271665573
p_indep_x_states_non_dec: None
p_indep_x_states_dec: None
p_vacuum_z: 0.8694442899260165
len_vacuum_indices_x_long: 19394
len_Z_checked_dec: 607
len_Z_checked_non_dec: 1496
XP_calc_non_dec: 0.0
XP_calc_dec: 0.0
gain_Z_non_dec: 0.11900405695648715
gain_Z_dec: 0.11228264890862005
gain_X_non_dec: 0.0
gain_X_dec: 0.0
wrong_detections_z_dec: [   0    1    3    9   12   13   15   18   19   21   24   26   29   30
   31   32   34   35   40   41   42   45   47   52   62   70   72   85
   86   90   98  100  101  112  117  120  128  132  133  144  145  149
  152  155  157  162  164  165  168  172  175  179  187  190  193  204
  209  210  212  213  218  222  223  228  232  233  237  239  240  242
  243  244  245  248  251  255  257  263  268  270  275  277  282  287
  289  290  291  293  296  300  304  306  308  309  313  314  317  319
  321  324  325  327  330  331  333  341  342  343  346  352  355  361
  364  365  370  371  372  374  376  380  383  391  395  396  401  403
  404  406  418  423  426  427  439  444  445  449  456  457  462  463
  466  467  475  479  485  490  499  506  507  508  514  518  524  529
  530  536  541  543  545  546  548  551  552  555  556  557  558  559
  563  564  565  566  567  572  577  578  580  581  587  598  602  603
  606  609  611  613  617  629  638  643  646  650  654  656  657  658
  659  660  665  667  675  676  677  679  684  687  688  690  692  694
  695  696  697  699  701  702  703  704  707  712  713  714  715  716
  719  728  729  731  732  733  736  738  741  751  762  767  768  769
  770  780  783  784  786  791  792  793  794  795  796  805  812  813
  815  822  823  830  832  833  837  838  839  842  846  850  855  860
  861  868  870  871  872  877  878  886  887  889  896  905  907  908
  909  910  911  913  915  919  921  928  930  931  932  938  941  952
  953  956  959  964  966  967  969  971  978  980  981  984  987  991
  997 1002 1004 1008 1013 1016 1017 1023 1024 1029 1030 1032 1034 1038
 1043 1045 1047 1055 1056 1058 1059 1062 1065 1066 1068 1074 1075 1077
 1078 1085 1089 1091 1093 1103 1104 1106 1113 1115 1119 1120 1125 1126
 1128 1129 1131 1132 1148 1150 1151 1153 1155 1156 1162 1163 1166 1175
 1180 1181 1185 1189 1190 1198 1199 1200 1202 1203 1206 1210 1211 1213
 1214 1220 1221 1222 1229 1230 1232 1234 1235 1239 1242 1244 1247 1248
 1252 1254 1255 1256 1257 1261 1262 1264 1268 1276 1279 1288 1291 1294
 1295 1297 1300 1304 1305 1311 1323 1325 1326 1328 1336 1341 1346 1348
 1354 1355 1359 1360 1364 1373 1377 1379 1380 1383 1387 1390 1394 1395
 1396 1399 1401 1407 1411 1412 1414 1416 1417 1426 1428 1429 1430 1431
 1433 1438 1442 1443 1445 1446 1457 1463 1472 1484 1485 1487 1490 1498
 1508 1513 1516 1518 1521 1525 1531 1543 1546 1549 1551 1552 1554 1564
 1574 1578 1581 1590 1591 1592 1597 1598 1600 1605 1610 1613 1614 1615
 1619 1620 1622 1623 1629 1630 1631 1635 1638 1646 1647 1653 1657 1660
 1669 1672 1678 1683 1695 1706 1709 1711 1717 1726 1728 1729 1731 1734
 1735 1740 1743 1748 1749 1751 1753 1756 1766 1770 1771 1772 1773 1774
 1775 1776 1792 1794 1805 1806 1807 1808 1809 1810 1811 1812 1814 1815
 1816 1818 1819 1821 1831 1837 1841 1842 1850 1860 1870 1871 1872 1880
 1881 1884 1889 1896 1897 1899 1902 1905 1907 1909 1911 1912 1914 1916
 1917 1921 1923 1924 1925 1927 1928 1929 1930 1931 1932 1941 1942 1944
 1947 1949 1952 1954 1960 1962 1963 1965 1966 1967 1968 1969 1972 1977
 1978 1984 1986 1991 1992 1993 1995 1997 1998 2001 2006 2008 2009 2010
 2011 2012 2013 2016 2024 2027 2028 2029 2031 2034 2037 2038]
wrong_detections_z_non_dec: [   2    4    5 ... 2040 2041 2042]
wrong_detections_x_dec: []
wrong_detections_x_non_dec: []
len_wrong_z_dec: 628
len_wrong_z_non_dec: 1415
len_wrong_x_dec: 0
len_wrong_x_non_dec: 0
qber_z_dec: 1.0345963756177925
qber_z_non_dec: 0.945855614973262
qber_x_dec: -999
qber_x_non_dec: -999
raw_key_rate: 170947813.3636807
total_amount_detections: 2103.0
execution_time_run: 168.3117799758911
