function_used: hist_z
n_samples: None
seed: None
non_signal_voltage: None
voltage_decoy: None
voltage: None
voltage_decoy_sup: None
voltage_sup: None
p_indep_x_states_non_dec: None
p_indep_x_states_dec: None
hist_z: [0 0 0 0 0 0 0 0 0 0 0 0 0 0 0 0 0 0 0 0 0 0 0 0 0 0 0 0 0 0 0 0 0 0 0 0 0
 0 0 0 0 0 0 0 0 0 0 0 0 0 0 0 0 0 0 0 0 0 0 0 0 0 0 0 0 0 0 0 0 0 0 0 0 0
 0 0 0 0 0 0 0 0 0 0 0 0 0 0 0 0 0 0 0 0 0 0 0 0 0 0 0 0 0 0 0 0 0 0 0 0 0
 0 0 0 0 0 0 0 0 0 0 0 0 0 0 0 0 0 0 0 0 0 0 0 0 0 0 0 0 0 0 0 0 0 0 0 0 0
 0 0 0 0 0 0 0 0 0 0 0 0 0 0 0 0 0 0 0 0 0 0 0 0 0 0 0 0 0 0 0 0 0 0 0 0 0
 0 0 0 0 0 0 0 0 0 0 0 0 0 0 0 0 0 0 0 0 0 0 0 0 0 0 0 0 0 0 0 0 0 0 0 0 0
 0 0 0 0 0 0 0 0 0 0 0 0 0 0 0 0 0 0 0 0 0 0 0 0 0 0 0 0 0 0 0 0 0 0 0 0 0
 0 0 0 0 0 0 0 0 0 0 0 0 0 0 0 0 0 0 0 0 0 0 0 0 0 0 0 0 0 0 0 0 0 0 0 0 0
 0 0 0 0 0 0 0 0 0 0 0 0 0 0 0 0 0 0 0 0 0 0 0 0 0 0 0 0 0 0 0 0 0 0 0 0 0
 0 0 0 0 0 0 0 0 0 0 0 0 0 0 0 0 0 0 0 0 0 0 0 0 0 0 0 0 0 0 0 0 0 0 0 0 0
 0 0 0 0 0 0 0 0 0 0 0 0 0 0 0 0 0 0 0 0 0 0 0 0 0 0 0 0 0 0 0 0 0 0 0 0 0
 0 0 0 0 0 0 0 0 0 0 0 0 0 0 0 0 0 0 0 0 0 0 0 0 0 0 0 0 0 0 0 0 0 0 0 0 0
 0 0 0 0 0 0 0 0 0 0 0 0 0 0 0 0 0 0 0 0 0 0 0 0 0 0 0 0 0 0 0 0 0 0 0 0 0
 0 0 0 0 0 0 0 0 0 0 0 0 0 0 0 0 0 0 0 0 0 0 0 0 0 0 0 0 0 0 0 0 0 0 0 0 0
 0 0 0 0 0 0 0 0 0 0 0 0 0 0 0 0 0 0 0 0 0 0 0 0 0 0 0 0 0 0 0 0 0 0 0 0 0
 0 0 0 0 0 0 0 0 0 0 0 0 0 0 0 0 0 0 0 0 0 0 0 0 0 0 0 0 0 0 0 0 0 0 0 0 0
 0 0 0 0 0 0 0 0 0 0 0 0 0 0 0 0 0 0 0 0 0 0 0 0 0 0 0 0 0 0 0 0 0 0 0 0 0
 0 0 0 0 0 0 0 0 0 0 0 0 0 0 0 0 0 0 0 0 0 0 0 0 0 0 0 0 0 0 0 0 0 0 0 0 0
 0 0 0 0 0 0 0 0 0 0 0 0 0 0 0 0 0 0 0 0 0 0 0 0 0 0 0 0 0 0 0 0 0 0 0 0 0
 0 0 0 0 0 0 0 0 0 0 0 0 0 0 0 0 0 0 0 0 0 0 0 0 0 0 0 0 0 0 0 0 0 0 0 0 0
 0 0 0 0 0 0 0 0 0 0 0 0 0 0 0 0 0 0 0 0 0 0 0 0 0 0 0 0 0 0 0 0 0 0 0 0 0
 0 0 0 0 0 0 0 0 0 0 0 0 0 0 0 0 0 0 0 0 0 0 0 0 0 0 0 0 0 0 0 0 0 0 0 0 0
 0 0 0 0 0 0 0 0 0 0 0 0 0 0 0 0 0 0 0 0 0 0 0 0 0 0 0 0 0 0 0 0 0 0 0 0 0
 0 0 0 0 0 0 0 0 0 0 0 0 0 0 0 0 0 0 0 0 0 0 0 0 0 0 0 0 0 0 0 0 0 0 0 0 0
 0 0 0 0 0 0 0 0 0 0 0 0 0 0 0 0 0 0 0 0 0 0 0 0 0 0 0 0 0 0 0 0 0 0 0 0 0
 0 0 0 0 0 0 0 0 0 0 0 0 0 0 0 0 0 0 0 0 0 0 0 0 0 0 0 0 0 0 0 0 0 0 0 0 0
 0 0 0 0 0 0 0 0 0 0 0 0 0 0 0 0 0 0 0 0 0 0 0 0 0 0 0 0 0 0 0 0 0 0 0 0 0
 0 0 0 0 0 0 0 0 0 0 0 0 0 0 0 0 0 0 0 0 0 0 0 0 0 0 0 0 0 0 0 0 0 0 0 0 0
 0 0 0 0 0 0 0 0 0 0 0 0 0 0 0 0 0 0 0 0 0 0 0 0 0 0 0 0 0 0 0 0 0 0 0 0 0
 0 0 0 0 0 0 0 0 0 0 0 0 0 0 0 0 0 0 0 0 0 0 0 0 0 0 0 0 0 0 0 0 0 0 0 0 0]
time_photons_det_z: [[           nan 1.12407958e-10]
 [4.53492042e-10            nan]
 [4.19523529e-10            nan]
 [4.44339446e-10            nan]
 [5.11671280e-10            nan]
 [5.82529412e-10            nan]
 [1.07986505e-10            nan]
 [4.78613149e-10            nan]
 [4.76155363e-10            nan]
 [4.59160554e-10            nan]
 [           nan 3.44222837e-10]
 [4.49960554e-10            nan]
 [1.14529066e-10            nan]
 [4.25297232e-10            nan]
 [1.08375778e-10            nan]
 [8.61813148e-11            nan]
 [1.84355363e-10            nan]
 [5.04545329e-10            nan]
 [1.34592388e-10            nan]
 [1.93944983e-10            nan]
 [2.30771626e-10            nan]
 [3.61165398e-10            nan]
 [1.44908305e-10            nan]
 [4.15091695e-10            nan]
 [4.96202768e-10            nan]
 [9.05498270e-11            nan]
 [4.86818339e-10            nan]
 [1.20044983e-10            nan]
 [1.08628720e-10            nan]
 [2.02686851e-10            nan]
 [2.04265744e-10            nan]
 [4.34281661e-10            nan]
 [1.45639446e-10            nan]
 [5.16902768e-10            nan]
 [4.57229066e-10            nan]
 [1.20786851e-10            nan]
 [1.90223875e-10            nan]
 [4.18255017e-10            nan]
 [4.57460554e-10            nan]
 [2.19134602e-10            nan]
 [5.30392388e-10            nan]
 [4.54407958e-10            nan]
 [1.00544637e-10            nan]
 [2.87902768e-10            nan]
 [1.19691695e-10            nan]
 [1.46229066e-10            nan]
 [4.09539100e-10            nan]
 [1.60786851e-10            nan]
 [1.90334256e-10            nan]
 [7.49761245e-11            nan]
 [3.71470588e-10            nan]
 [           nan 1.24012803e-10]
 [1.88407958e-10            nan]
 [9.06287197e-11            nan]
 [2.49044983e-10            nan]
 [1.63318685e-10            nan]
 [1.51702768e-10            nan]
 [4.95760554e-10            nan]
 [9.54865051e-11            nan]
 [4.18050173e-10            nan]
 [4.68823875e-10            nan]
 [4.44081315e-10            nan]
 [4.56181661e-10            nan]
 [1.43513149e-10            nan]
 [1.86971280e-10            nan]
 [           nan 1.18297578e-10]
 [4.91360554e-10            nan]
 [5.53319031e-10            nan]
 [5.01476471e-10            nan]
 [5.74503114e-10            nan]
 [1.55665398e-10            nan]
 [6.12446367e-11            nan]
 [1.88260554e-10            nan]
 [1.91987197e-10            nan]
 [1.40323529e-10            nan]
 [3.94859861e-10            nan]
 [4.30876125e-10 0.00000000e+00]
 [1.16087197e-10            nan]
 [4.64702768e-10            nan]
 [1.80718339e-10            nan]
 [2.17397232e-10            nan]
 [4.48786851e-10            nan]
 [5.12487197e-10            nan]
 [4.61108305e-10            nan]
 [5.06976125e-10            nan]
 [2.05029066e-10            nan]
 [2.38976471e-10            nan]
 [1.43407612e-10            nan]
 [4.16020760e-11            nan]
 [1.76492388e-10            nan]
 [4.63392388e-10            nan]
 [4.84202768e-10            nan]
 [1.02681315e-10            nan]
 [4.76318685e-10            nan]
 [4.47707612e-10            nan]
 [4.53065744e-10            nan]
 [           nan 1.56618685e-10]
 [5.10002768e-10            nan]
 [3.43817647e-10            nan]
 [1.41339100e-10            nan]
 [1.90050519e-10            nan]
 [4.81598615e-11            nan]
 [5.10029066e-10            nan]
 [4.50476471e-10            nan]
 [2.09803114e-10            nan]
 [1.97755363e-10            nan]
 [1.65429066e-10            nan]
 [1.68797232e-10            nan]
 [4.91523875e-10            nan]
 [1.29207612e-10            nan]
 [3.36494809e-11            nan]
 [4.79113149e-10            nan]
 [6.61076124e-11            nan]
 [4.83072663e-11            nan]
 [4.41618339e-10            nan]
 [5.42023875e-10            nan]
 [2.57544983e-10            nan]
 [5.05703114e-10            nan]
 [5.04807958e-10            nan]
 [1.99607958e-10            nan]
 [5.11092388e-10            nan]
 [9.63657439e-11            nan]
 [1.43670934e-10            nan]
 [1.79923875e-10            nan]
 [1.97955709e-10            nan]
 [5.18439792e-10            nan]
 [4.10123529e-10            nan]
 [           nan 1.33892042e-10]
 [5.39534602e-10            nan]
 [1.62072663e-11            nan]
 [5.29108305e-10            nan]
 [4.14965744e-10            nan]
 [4.44391003e-11            nan]
 [2.08660900e-10            nan]
 [4.61666090e-10            nan]
 [5.68179930e-11            nan]
 [4.46449827e-10            nan]
 [4.19207612e-10            nan]
 [5.51287197e-10            nan]
 [4.03707612e-10            nan]
 [           nan 1.65265744e-10]
 [4.17912803e-10            nan]
 [5.01802768e-10            nan]
 [1.37034256e-10            nan]
 [4.18070934e-10            nan]
 [4.09439100e-10            nan]
 [4.56892042e-10            nan]
 [5.47839792e-10            nan]
 [2.47424222e-10            nan]
 [1.60186851e-10            nan]
 [1.15818339e-10            nan]
 [3.42602076e-10            nan]
 [4.61212803e-10            nan]
 [4.99613149e-10            nan]
 [4.65681315e-10            nan]
 [1.31644637e-10            nan]
 [4.60681661e-10            nan]
 [           nan 3.39128027e-11]
 [2.69282007e-10            nan]
 [           nan 4.18676125e-10]
 [4.95718685e-10            nan]
 [4.89860554e-10            nan]
 [3.84423529e-10            nan]
 [5.28876471e-10            nan]
 [4.54960554e-10            nan]
 [1.12565744e-10            nan]
 [           nan 4.49144637e-10]
 [2.27802768e-10            nan]
 [4.38370934e-10            nan]
 [5.75771626e-10            nan]
 [1.38539446e-10            nan]
 [4.87392388e-10            nan]
 [1.34386851e-10            nan]
 [4.67355709e-10            nan]
 [           nan 4.56207958e-10]
 [1.52476125e-10            nan]
 [5.09276471e-10            nan]
 [4.07270588e-10            nan]
 [8.81809688e-11            nan]
 [4.39844983e-10            nan]
 [3.72249827e-10            nan]
 [4.41249827e-10            nan]
 [1.12755363e-10            nan]
 [5.12034256e-10            nan]
 [3.79318339e-10            nan]
 [5.24302768e-10            nan]
 [4.48691695e-10            nan]
 [3.86580969e-10            nan]
 [2.74920415e-11            nan]
 [5.00692042e-10            nan]
 [1.29002422e-10            nan]
 [2.02082007e-10            nan]
 [2.08360554e-10            nan]
 [1.77966090e-10            nan]
 [1.34949827e-10            nan]
 [1.33181661e-10            nan]
 [           nan 5.29939792e-10]
 [4.86781661e-10            nan]
 [4.95329412e-10            nan]
 [4.75676471e-10            nan]
 [2.35676817e-10            nan]
 [2.16539792e-10            nan]
 [2.45807958e-10            nan]
 [3.58491695e-10            nan]
 [2.08518685e-10            nan]
 [1.80813495e-10            nan]
 [2.12950173e-10            nan]
 [4.44960208e-10            nan]
 [4.05533910e-10            nan]
 [4.20391003e-11            nan]
 [1.56092042e-10            nan]
 [4.38323875e-10            nan]
 [4.02712457e-10            nan]
 [5.29029066e-10            nan]
 [4.39976125e-10            nan]
 [5.43655709e-10            nan]
 [8.43813148e-11            nan]
 [4.69102768e-10            nan]
 [1.97197924e-10            nan]
 [5.18382007e-10            nan]
 [8.25238755e-11            nan]
 [           nan 5.25455363e-10]
 [5.57561246e-10            nan]
 [3.71923183e-10            nan]
 [1.20928720e-10            nan]
 [4.06107612e-10            nan]
 [3.56054671e-10            nan]
 [4.17028720e-10            nan]
 [5.23960900e-10            nan]
 [2.00687197e-10            nan]
 [4.21775778e-10            nan]
 [           nan 4.97592042e-10]
 [5.23123875e-10            nan]
 [3.04781661e-10 4.21234256e-10]]
index_where_photons_det_z: [  42   71   98  130  131  140  141  161  230  235  241  263  267  286
  306  315  363  383  423  481  510  572  576  578  626  627  629  639
  649  660  678  680  681  743  758  810  831  841  865  876  892  893
  897  911  918  937  952  979  981  990 1034 1041 1113 1150 1168 1176
 1179 1189 1290 1313 1334 1346 1355 1386 1405 1428 1444 1454 1472 1487
 1500 1506 1581 1620 1657 1664 1688 1696 1697 1704 1715 1751 1781 1783
 1788 1803 1831 1839 1845 1846 1861 1865 1873 1972 1982 2021 2044 2051
 2060 2100 2106 2184 2186 2188 2212 2223 2304 2313 2317 2319 2328 2330
 2340 2352 2407 2426 2427 2458 2486 2516 2521 2547 2574 2580 2581 2599
 2605 2616 2660 2661 2699 2705 2709 2730 2753 2769 2777 2795 2825 2845
 2850 2890 2903 2913 2938 2965 2968 3005 3007 3021 3027 3031 3062 3080
 3083 3087 3109 3141 3162 3190 3236 3319 3320 3347 3367 3399 3434 3462
 3467 3473 3492 3493 3510 3518 3536 3544 3653 3704 3717 3722 3740 3779
 3780 3785 3814 3872 3890 3893 3933 3946 3954 3957 3982 4014 4020 4045
 4051 4060 4099 4171 4173 4183 4254 4256 4260 4269 4317 4328 4345 4357
 4434 4438 4502 4520 4523 4535 4569 4571 4572 4603 4645 4685 4703 4748
 4750 4775 4799 4802 4820 4845 4898 4949 4952 4970]
