function_used: run_simulation_detection_tester
n_samples: 10000
seed: 938315
non_signal_voltage: -1.1
voltage_decoy: -0.17850015461444851
voltage: -0.1
voltage_decoy_sup: -0.4175719827413558
voltage_sup: -0.3769288271665573
p_indep_x_states_non_dec: None
p_indep_x_states_dec: None
p_vacuum_z: 0.8691692581075078
len_vacuum_indices_x_long: 9700
len_Z_checked_dec: 279
len_Z_checked_non_dec: 763
XP_calc_non_dec: 0.0
XP_calc_dec: 0.0
gain_Z_non_dec: 0.122177742193755
gain_Z_dec: 0.10112359550561797
gain_X_non_dec: 0.0
gain_X_dec: 0.0
wrong_detections_z_dec: [   0    2    8   16   21   23   28   30   32   33   39   45   47   48
   49   54   58   60   65   68   70   71   73   74   75   78   80   83
   86   88   89   92   93  102  103  127  142  145  152  155  160  164
  165  166  167  168  170  174  175  182  186  188  193  197  198  200
  201  202  204  209  215  219  222  224  225  226  228  231  232  237
  238  242  244  246  248  252  254  261  263  265  269  277  278  280
  283  284  285  296  299  303  308  310  313  316  320  321  323  326
  329  338  345  347  348  352  353  357  360  362  368  371  376  382
  388  389  391  393  397  399  402  404  407  408  409  422  423  430
  433  436  443  446  449  454  458  461  463  464  465  468  469  478
  481  482  485  487  493  496  497  501  504  505  509  512  515  516
  524  526  529  533  534  535  540  541  542  546  548  549  551  553
  554  555  559  561  564  566  569  571  575  583  585  586  589  590
  591  592  597  598  599  602  608  613  615  619  628  631  632  638
  644  646  648  656  658  671  675  680  682  684  685  686  690  691
  692  694  696  697  698  700  703  704  705  708  714  718  723  724
  725  727  730  735  744  746  748  755  758  759  762  767  769  771
  774  776  781  783  787  795  796  798  802  803  809  811  816  817
  819  820  822  825  831  833  835  836  838  844  845  855  861  865
  868  871  877  879  883  884  885  889  898  904  906  912  914  918
  923  925  929  936  942  943  946  949  955  960  963  964  965  968
  969  972  979  988  997 1001 1009 1010 1012 1013]
wrong_detections_z_non_dec: [   1    3    4    5    6    7    9   10   11   12   13   14   15   17
   18   19   20   22   24   25   26   27   29   31   34   35   36   37
   38   40   41   42   43   44   46   50   51   52   53   55   56   57
   59   61   62   63   64   66   67   69   72   76   77   79   81   82
   84   85   87   90   91   94   95   96   97   98   99  100  101  104
  105  106  107  108  109  110  111  112  113  114  115  116  117  118
  119  120  121  122  123  124  125  126  128  129  130  131  132  133
  134  135  136  137  138  139  140  141  143  144  146  147  148  149
  150  151  153  154  156  157  158  159  161  162  163  169  171  172
  173  176  177  178  179  180  181  183  184  185  187  189  190  191
  192  194  195  196  199  203  205  206  207  208  210  211  212  213
  214  216  217  218  220  221  223  227  229  230  233  234  235  236
  239  240  241  243  245  247  249  250  251  253  255  256  257  258
  259  260  262  264  266  267  268  270  271  272  273  274  275  276
  279  281  282  286  287  288  289  290  291  292  293  294  295  297
  298  300  301  302  304  305  306  307  309  311  312  314  315  317
  318  319  322  324  325  327  328  330  331  332  333  334  335  336
  337  339  340  341  342  343  344  346  349  350  351  354  355  356
  358  359  361  363  364  365  366  367  369  370  372  373  374  375
  377  378  379  380  381  383  384  385  386  387  390  392  394  395
  396  398  400  401  403  405  406  410  411  412  413  414  415  416
  417  418  419  420  421  424  425  426  427  428  429  431  432  434
  435  437  438  439  440  441  442  444  445  447  448  450  451  452
  453  455  456  457  459  460  462  466  467  470  471  472  473  474
  475  476  477  479  480  483  484  486  488  489  490  491  492  494
  495  498  499  500  502  503  506  507  508  510  511  513  514  517
  518  519  520  521  522  523  525  527  528  530  531  532  536  537
  538  539  543  544  545  547  550  552  556  557  558  560  562  563
  565  567  568  570  572  573  574  576  577  578  579  580  581  582
  584  587  588  593  594  595  596  600  601  603  604  605  606  607
  609  610  611  612  614  616  617  618  620  621  622  623  624  625
  626  627  629  630  633  634  635  636  637  639  640  641  642  643
  645  647  649  650  651  652  653  654  655  657  659  660  661  662
  663  664  665  666  667  668  669  670  672  673  674  676  677  678
  679  681  683  687  688  689  693  695  699  701  702  706  707  709
  710  711  712  713  715  716  717  719  720  721  722  726  728  729
  731  732  733  734  736  737  738  739  740  741  742  743  745  747
  749  750  751  752  753  754  756  757  760  761  763  764  765  766
  768  770  772  773  775  777  778  779  780  782  784  785  786  788
  789  790  791  792  793  794  797  799  800  801  804  805  806  807
  808  810  812  813  814  815  818  821  823  824  826  827  828  829
  830  832  834  837  839  840  841  842  843  846  847  848  849  850
  851  852  853  854  856  857  858  859  860  862  863  864  866  867
  869  870  872  873  874  875  876  878  880  881  882  886  887  888
  890  891  892  893  894  895  896  897  899  900  901  902  903  905
  907  908  909  910  911  913  915  916  917  919  920  921  922  924
  926  927  928  930  931  932  933  934  935  937  938  939  940  941
  944  945  947  948  950  951  952  953  954  956  957  958  959  961
  962  966  967  970  971  973  974  975  976  977  978  980  981  982
  983  984  985  986  987  989  990  991  992  993  994  995  996  998
  999 1000 1002 1003 1004 1005 1006 1007 1008 1011]
wrong_detections_x_dec: []
wrong_detections_x_non_dec: []
len_wrong_z_dec: 304
len_wrong_z_non_dec: 710
len_wrong_x_dec: 0
len_wrong_x_non_dec: 0
qber_z_dec: 1.0896057347670252
qber_z_non_dec: 0.9305373525557011
qber_x_dec: -999
qber_x_non_dec: -999
raw_key_rate: 169403349.04893515
total_amount_detections: 1042.0
execution_time_run: 131.47388982772827
