function_used: hist_z
n_samples: None
seed: None
non_signal_voltage: None
voltage_decoy: None
voltage: None
voltage_decoy_sup: None
voltage_sup: None
p_indep_x_states_non_dec: None
p_indep_x_states_dec: None
hist_z: [0 0 0 0 0 0 0 0 0 0 0 0 0 0 0 0 0 0 0 0 0 0 0 0 0 0 0 0 0 0 0 0 0 0 0 0 0
 0 0 0 0 0 0 0 0 0 0 0 0 0 0 0 0 0 0 0 0 0 0 0 0 0 0 1 0 0 0 0 0 0 0 0 0 0
 0 0 0 1 1 0 2 2 0 2 0 0 0 0 0 1 0 2 0 4 5 4 2 6 4 4 2 0 2 0 0 0 0 0 0 0 0
 0 0 0 0 0 0 0 0 0 0 0 2 0 1 2 1 0 0 0 0 0 2 1 0 1 0 0 1 0 1 0 1 2 1 1 0 0
 0 0 0 0 0 0 0 0 0 0 0 0 0 0 0 0 0 0 0 0 0 0 0 0 0 0 0 0 0 0 0 0 0 0 0 0 0
 0 0 0 0 0 0 0 0 0 0 0 0 0 0 0 0 0 0 0 0 0 0 0 0 0 0 0 0 0 0 0 0 0 0 0 0 0
 0 0 0 0 0 0 0 0 0 0 0 0 0 0 0 0 0 0 0 0 0 0 0 0 0 0 0 0 0 0 0 0 0 0 0 0 0
 0 0 0 0 0 0 0 0 0 0 0 0 0 0 0 0 0 0 0 0 0 0 0 0 0 0 0 0 0 0 0 0 0 0 0 0 0
 0 0 0 0 0 0 0 0 0 0 0 0 0 0 0 0 0 0 0 0 0 0 0 0 0 0 0 0 0 0 0 0 0 0 0 0 0
 0 0 0 0 0 0 0 0 0 0 0 0 0 0 0 0 0 0 0 0 0 0 0 0 0 0 0 0 0 0 0 0 0 0 0 0 0
 0 0 0 0 0 0 0 0 0 0 0 0 0 0 0 0 0 0 0 0 0 0 2 0 1 2 1 0 0 0 0 0 2 1 0 1 0
 0 1 0 1 0 1 1 1 1 0 0 0 0 0 0 0 1 0 0 0 0 0 0 0 0 0 0 0 0 0 1 1 0 2 2 0 2
 0 0 0 0 0 1 0 0 0 0 0 0 0 0 0 0 0 0 0 0 0 0 0 0 0 0 0 0 0 0 0 0 0 0 0 0 0
 0 0 0 0 0 0 0 0 0 0 0 0 0 0 0 0 0 0 0 0 0 0 0 0 0 0 0 0 0 0 0 0 0 0 0 0 0
 0 0 0 0 0 0 0 0 0 0 0 0 0 0 0 0 0 0 0 0 0 0 0 0 0 0 0 0 0 0 0 0 0 0 0 0 0
 0 0 0 0 0 0 0 0 0 0 0 0 0 0 0 0 0 0 0 0 0 0 0 0 0 0 0 0 0 0 0 0 0 0 0 0 0
 0 0 0 0 0 0 0 0 0 0 0 0 0 0 0 0 0 0 0 0 0 0 0 0 0 0 0 0 0 0 0 0 0 0 0 0 0
 0 0 0 0 0 0 0 0 0 0 0 0 0 0 0 0 0 0 0 0 0 0 0 0 0 0 0 0 0 0 0 0 0 0 0 0 0
 0 0 0 0 0 0 0 0 0 0 0 0 0 0 0 0 0 0 0 0 0 0 0 0 0 0 0 0 0 0 0 0 0 0 0 0 0
 0 0 0 0 0 0 0 0 0 0 0 0 0 0 0 0 0 0 0 0 0 0 0 0 0 0 0 0 0 0 0 0 0 0 0 0 0
 0 0 0 0 0 0 0 0 0 0 0 0 0 0 0 0 0 0 0 0 0 0 0 0 0 0 0 0 0 0 0 0 0 0 0 0 0
 0 0 0 0 0 0 0 0 0 0 0 0 0 0 0 0 0 0 0 0 0 0 0 0 0 0 0 0 0 0 0 0 0 0 0 0 0
 0 0 0 0 0 0 0 0 0 0 0 0 0 0 0 0 0 0 0 0 0 0 0 0 0 0 0 0 0 0 0 0 0 0 0 0 0
 0 0 0 0 0 0 0 0 0 0 0 0 0 0 0 0 0 0 0 0 0 0 0 0 0 0 0 0 0 0 0 0 0 0 0 0 0
 0 0 0 0 0 0 0 0 0 0 0 0 0 0 0 0 0 0 0 0 0 0 0 0 0 0 0 0 0 0 0 0 0 0 0 0 0
 0 0 0 0 0 0 0 0 0 0 0 0 0 0 0 0 0 0 0 0 0 0 0 0 0 0 0 0 0 0 0 0 0 0 0 0 0
 0 0 0 0 0 0 0 0 0 0 0 0 0 0 0 0 0 0 0 0 0 0 0 0 0 0 0 0 0 0 0 0 0 0 0 0 0
 0 0 0 0 0 0 0 0 0 0 0 0 0 0 0 0 0 0 0 0 0 0 0 0 0 0 0 0 0 0 0 0 0 0 0 0 0
 0 0 0 0 0 0 0 0 0 0 0 0 0 0 0 0 0 0 0 0 0 0 0 0 0 0 0 0 0 0 0 0 0 0 0 0 0
 0 0 0 0 0 0 0 0 0 0 0 0 0 0 0 0 0 0 0 0 0 0 0 0 0 0 0 0 0 0 0 0 0 0 0 0 0]
hist_z_sum: 88
time_photons_det_z: [[1.16907958e-10            nan]
 [5.37754324e-11            nan]
 [1.77870934e-10            nan]
 [6.01335639e-11            nan]
 [4.64892388e-10            nan]
 [1.56328720e-10            nan]
 [4.13024222e-10            nan]
 [7.41916954e-11            nan]
 [2.51892388e-10            nan]
 [2.19313495e-10            nan]
 [7.71923876e-11            nan]
 [2.47429066e-10            nan]
 [1.11318339e-10            nan]
 [7.83283736e-11            nan]
 [9.27183391e-11            nan]
 [4.83449827e-10            nan]
 [5.16260554e-10            nan]
 [4.15334256e-10            nan]
 [4.44213149e-10            nan]
 [1.52497578e-10            nan]
 [1.67413149e-10            nan]
 [6.13276817e-10            nan]
 [4.84697578e-10            nan]
 [4.36623529e-10            nan]
 [1.88697232e-10            nan]
 [4.07494809e-11            nan]
 [1.09744637e-10            nan]
 [8.64027682e-11            nan]
 [4.74150173e-10            nan]
 [1.99245329e-10            nan]
 [1.54002422e-10            nan]
 [3.18375778e-10            nan]
 [2.61844637e-10            nan]
 [4.22218339e-10            nan]
 [1.15070934e-10            nan]
 [3.64823183e-10            nan]
 [3.78965744e-10            nan]
 [9.02920415e-11            nan]
 [5.00366090e-10            nan]
 [1.28902768e-10            nan]
 [3.74017993e-10            nan]
 [1.27802076e-10            nan]
 [2.70324222e-10            nan]]
index_where_photons_det_z: [  6  13  72  76  88 174 191 201 262 267 269 276 282 297 303 304 331 337
 386 435 456 458 500 503 519 531 538 553 599 675 684 739 757 770 772 824
 839 855 919 928 931 981 994]
