function_used: classificator_new
n_samples: 10000
seed: 783904
non_signal_voltage: -1.2
voltage_decoy: -0.745242926478386
voltage: -0.2
voltage_decoy_sup: -0.8355372935533523
voltage_sup: -0.4324394613504409
p_indep_x_states_non_dec: None
p_indep_x_states_dec: None
time_photons_det_x: [[1.61839100e-10]
 [1.95166090e-10]
 [2.22676471e-10]
 [3.90781661e-10]
 [1.87955363e-10]
 [4.58202768e-10]
 [1.46060554e-10]
 [3.75892042e-10]
 [4.10770934e-10]
 [2.30560900e-10]
 [3.66755709e-10]
 [4.88171280e-10]
 [5.58913495e-10]
 [5.20302768e-10]
 [1.87107958e-10]
 [7.49494809e-11]
 [4.06413149e-10]
 [5.13302768e-10]
 [4.66666090e-10]
 [5.46071626e-10]
 [4.52449827e-10]
 [1.24981315e-10]
 [5.38697924e-10]
 [4.21649827e-10]
 [4.08123183e-10]
 [4.90460554e-10]
 [1.60655363e-10]
 [1.07192042e-10]
 [1.07207612e-10]
 [2.06287197e-10]
 [2.05397578e-10]
 [4.61107958e-10]
 [4.89355363e-10]
 [2.27123875e-10]
 [5.16344983e-10]
 [4.19007612e-10]
 [4.67444983e-10]
 [4.22428720e-10]
 [6.81128027e-11]
 [4.35965744e-10]
 [5.39240139e-10]
 [3.49123875e-10]
 [1.64113149e-10]
 [2.07097578e-10]
 [4.53823529e-10]
 [5.57250173e-10]
 [1.70466090e-10]
 [3.84555017e-10]
 [4.30992042e-10]
 [3.95039446e-10]
 [4.97287197e-10]
 [2.93996540e-10]
 [4.61592042e-10]
 [4.57118339e-10]
 [4.44418339e-10]
 [1.58544983e-10]
 [3.99897232e-10]
 [3.68607612e-10]
 [2.27039792e-10]
 [4.01392042e-10]
 [1.85544637e-10]
 [3.85442906e-11]
 [3.97033910e-10]
 [6.15100000e-10]
 [5.75566090e-10]
 [4.03833564e-10]
 [1.18592042e-10]
 [4.96902768e-10]
 [4.72107958e-10]
 [5.11412803e-10]
 [1.07886505e-10]
 [5.50266090e-10]
 [4.37744637e-10]
 [3.88486505e-10]
 [2.45344983e-10]
 [1.02792042e-10]
 [5.21571626e-10]
 [4.12196886e-10]
 [1.52081661e-10]
 [4.75213149e-10]
 [1.61092042e-10]
 [4.85744983e-10]
 [2.07371280e-10]
 [4.68665744e-10]
 [1.41976125e-10]
 [3.50465744e-10]
 [5.10823875e-10]
 [4.27555363e-10]
 [4.46876125e-10]
 [1.85834256e-10]
 [4.56413149e-10]
 [2.15797578e-10]
 [4.59570934e-10]
 [1.90860554e-10]
 [2.43287197e-10]
 [6.00754324e-11]
 [4.47276471e-10]]
detected_indices_x: (97, 1)
detected_indices_x_det_x_basis: [[1]
 [0]
 [1]
 [0]
 [1]
 [1]
 [1]
 [0]
 [0]
 [1]
 [0]
 [0]
 [1]
 [1]
 [0]
 [0]]
