function_used: sift_vac_x
n_samples: 5000
seed: 222751
non_signal_voltage: -1.2
voltage_decoy: -0.745242926478386
voltage: -0.2
voltage_decoy_sup: -0.8355372935533523
voltage_sup: -0.4324394613504409
p_indep_x_states_non_dec: None
p_indep_x_states_dec: None
get_original_indexing_x: [ 102  249  692  756  896 1064 1073 1256 1460 1541 1922 1935 1988 1992
 2106 2124 2145 2180 2307 2333 2630 2852 2964 3215 3276 3641 3665 3695
 3789 3905 4061 4146 4154 4196 4293 4323 4421 4761]
detected_indices_x_det_x_basis: [[1]
 [0]
 [0]
 [0]
 [0]
 [0]]
index_where_photons_det_x: [ 102  249  692  756  896 1012 1064 1073 1256 1460 1541 1922 1935 1988
 1992 2106 2124 2145 2180 2307 2333 2362 2630 2852 2964 3103 3215 3223
 3276 3641 3665 3695 3789 3905 4061 4146 4154 4196 4293 4323 4421 4720
 4761 4993]
detected_indices_x: (44, 1)
