function_used: hist_z
n_samples: None
seed: None
non_signal_voltage: None
voltage_decoy: None
voltage: None
voltage_decoy_sup: None
voltage_sup: None
p_indep_x_states_non_dec: None
p_indep_x_states_dec: None
hist_z: [0 0 0 0 0 0 0 0 0 0 0 0 0 0 0 0 0 0 0 0 0 0 0 0 0 0 0 0 0 0 0 0 0 0 0 0 0
 0 0 0 0 0 0 0 0 0 0 0 0 0 0 0 0 0 0 0 0 0 0 0 0 0 0 0 0 0 0 0 0 0 0 0 0 0
 0 0 0 0 0 0 0 0 0 0 0 0 0 0 0 0 0 0 0 0 0 0 0 0 0 0 0 0 0 0 0 0 0 0 0 0 0
 0 0 0 0 0 0 0 0 0 0 0 0 0 0 0 0 1 0 0 0 0 0 0 0 0 0 0 0 0 0 0 0 0 0 0 0 0
 0 0 0 0 0 0 0 0 0 0 0 0 0 0 0 0 0 0 0 0 0 0 0 0 0 0 0 0 0 0 0 0 0 0 0 0 0
 0 0 0 0 0 0 0 0 0 0 0 0 0 0 0 0 0 0 0 0 0 0 0 0 0 0 0 0 0 0 0 0 0 0 0 0 0
 0 0 0 0 0 0 0 0 0 0 0 0 0 0 0 0 0 0 0 0 0 0 0 0 0 0 0 0 0 0 0 0 0 0 0 0 0
 0 0 0 0 0 0 0 0 0 0 0 0 0 0 0 0 0 0 0 0 0 0 0 0 0 0 0 0 0 0 0 0 0 0 0 0 0
 0 0 0 0 0 0 0 0 0 0 0 0 0 0 0 0 0 0 0 0 0 0 0 0 0 0 0 0 0 0 0 0 0 0 0 0 0
 0 0 0 0 0 0 0 0 0 0 0 0 0 0 0 0 0 0 0 0 0 0 0 0 0 0 0 0 0 0 0 0 0 0 0 0 0
 0 0 0 0 0 0 0 0 0 0 0 0 0 0 0 0 0 0 0 0 0 0 0 0 0 0 0 1 0 0 0 0 0 0 0 0 0
 0 0 0 0 0 0 0 0 0 0 0 0 0 0 0 0 0 0 0 0 0 0 0 0 0 0 0 0 0 0 0 0 0 0 0 0 0
 0 0 0 0 0 0 0 0 0 0 0 0 0 0 0 0 0 0 0 0 0 0 0 0 0 0 0 0 0 0 0 0 0 0 0 0 0
 0 0 0 0 0 0 0 0 0 0 0 0 0 0 0 0 0 0 0 0 0 0 0 0 0 0 0 0 0 0 0 0 0 0 0 0 0
 0 0 0 0 0 0 0 0 0 0 0 0 0 0 0 0 0 0 0 0 0 0 0 0 0 0 0 0 0 0 0 0 0 0 0 0 0
 0 0 0 0 0 0 0 0 0 0 0 0 0 0 0 0 0 0 0 0 0 0 0 0 0 0 0 0 0 0 0 0 0 0 0 0 0
 0 0 0 0 0 0 0 0 0 0 0 0 0 0 0 0 0 0 0 0 0 0 0 0 0 0 0 0 0 0 0 0 0 0 0 0 0
 0 0 0 0 0 0 0 0 0 0 0 0 0 0 0 0 0 0 0 0 0 0 0 0 0 0 0 0 0 0 0 0 0 0 0 0 0
 0 0 0 0 0 0 0 0 0 0 0 0 0 0 0 0 0 0 0 0 0 0 0 0 0 0 0 0 0 0 0 0 0 0 0 0 0
 0 0 0 0 0 0 0 0 0 0 0 0 0 0 0 0 0 0 0 0 0 0 0 0 0 0 0 0 0 0 0 0 0 0 0 0 0
 0 0 0 0 0 0 0 0 0 0 0 0 0 0 0 0 0 0 0 0 0 0 0 0 0 0 0 0 0 0 0 0 0 0 0 0 0
 0 0 0 0 0 0 0 0 0 0 0 0 0 0 0 0 0 0 0 0 0 0 0 0 0 0 0 0 0 0 0 0 0 0 0 0 0
 0 0 0 0 0 0 0 0 0 0 0 0 0 0 0 0 0 0 0 0 0 0 0 0 0 0 0 0 0 0 0 0 0 0 0 0 0
 0 0 0 0 0 0 0 0 0 0 0 0 0 0 0 0 0 0 0 0 0 0 0 0 0 0 0 0 0 0 0 0 0 0 0 0 0
 0 0 0 0 0 0 0 0 0 0 0 0 0 0 0 0 0 0 0 0 0 0 0 0 0 0 0 0 0 0 0 0 0 0 0 0 0
 0 0 0 0 0 0 0 0 0 0 0 0 0 0 0 0 0 0 0 0 0 0 0 0 0 0 0 0 0 0 0 0 0 0 0 0 0
 0 0 0 0 0 0 0 0 0 0 0 0 0 0 0 0 0 0 0 0 0 0 0 0 0 0 0 0 0 0 0 0 0 0 0 0 0
 0 0 0 0 0 0 0 0 0 0 0 0 0 0 0 0 0 0 0 0 0 0 0 0 0 0 0 0 0 0 0 0 0 0 0 0 0
 0 0 0 0 0 0 0 0 0 0 0 0 0 0 0 0 0 0 0 0 0 0 0 0 0 0 0 0 0 0 0 0 0 0 0 0 0
 0 0 0 0 0 0 0 0 0 0 0 0 0 0 0 0 0 0 0 0 0 0 0 0 0 0 0 0 0 0 0 0 0 0 0 0 0]
time_photons_det_z: [[1.48544637e-10            nan]
 [2.05792388e-10            nan]
 [4.27860208e-10            nan]
 [4.63118339e-10            nan]
 [1.08444637e-10            nan]
 [1.47965398e-10            nan]
 [2.99913149e-10            nan]
 [           nan 1.93134256e-10]
 [4.72807958e-10            nan]
 [4.21533910e-10            nan]
 [5.13882007e-10            nan]
 [1.90908305e-10            nan]
 [6.01757785e-11            nan]
 [2.99697578e-10            nan]
 [4.72465744e-10            nan]
 [7.80235294e-11            nan]
 [4.84729412e-10            nan]
 [4.82649827e-10            nan]
 [1.54313149e-10            nan]
 [2.07097924e-10            nan]
 [4.32497232e-10            nan]
 [4.78165744e-10            nan]
 [5.76761245e-11            nan]
 [4.86318339e-10            nan]
 [4.85744637e-10            nan]
 [1.60307958e-10            nan]
 [1.57149827e-10            nan]
 [1.38755363e-10            nan]
 [1.15655363e-10            nan]
 [4.64165744e-10            nan]
 [2.27123875e-10            nan]
 [4.78071280e-10            nan]
 [4.28881315e-10            nan]
 [1.37555017e-10            nan]
 [2.39829412e-10            nan]
 [2.23976471e-10            nan]
 [8.48024221e-11            nan]
 [4.45244983e-10            nan]
 [5.28055363e-10            nan]
 [4.26281315e-10            nan]
 [           nan 1.78707958e-10]
 [4.00391695e-10            nan]
 [5.50034602e-10            nan]
 [1.79692042e-10            nan]
 [1.84818339e-10            nan]
 [8.64179930e-11            nan]
 [4.49881661e-10            nan]
 [4.80539446e-10            nan]
 [1.18081661e-10            nan]
 [4.27007612e-10            nan]
 [2.11807958e-10            nan]
 [1.59055363e-10            nan]
 [1.81923529e-10            nan]
 [1.69834256e-10            nan]
 [4.82050173e-10            nan]
 [4.58897578e-10            nan]
 [1.83981661e-10            nan]
 [5.17850173e-10            nan]
 [9.81446367e-11            nan]
 [1.39633910e-10            nan]
 [5.21823875e-10            nan]
 [3.80757785e-11            nan]
 [4.46144637e-10            nan]
 [2.07560900e-10            nan]
 [9.02920415e-11            nan]
 [1.15597232e-10            nan]
 [1.92834256e-10            nan]
 [9.46024221e-11            nan]
 [5.00223875e-10            nan]
 [5.22387197e-10            nan]
 [1.90839446e-10            nan]
 [1.74402768e-10            nan]
 [5.08028720e-10            nan]
 [2.51829412e-10            nan]
 [4.27792042e-10            nan]
 [1.29470934e-10            nan]
 [           nan 5.79044637e-10]
 [4.50097578e-10            nan]
 [1.13986159e-10            nan]
 [5.81334256e-10            nan]
 [5.65183391e-11            nan]
 [4.46070588e-10            nan]
 [4.31723875e-10            nan]
 [           nan 4.25297232e-10]
 [3.27644291e-10            nan]
 [1.02165744e-10            nan]
 [1.29676471e-10            nan]
 [4.79786851e-10            nan]
 [4.89070934e-10            nan]
 [4.37928720e-10            nan]
 [4.53702768e-10            nan]
 [           nan 2.14287197e-10]
 [4.85991695e-10            nan]
 [1.48139446e-10            nan]
 [5.65660900e-10            nan]
 [1.04802076e-10            nan]
 [           nan 1.74092388e-10]
 [1.42549827e-10            nan]
 [1.10813149e-10            nan]
 [2.32344637e-10            nan]
 [4.22012457e-10            nan]
 [2.32171280e-10            nan]
 [1.06249827e-10            nan]
 [4.82013495e-10            nan]
 [1.00197232e-10            nan]
 [4.68165744e-10            nan]
 [2.12629066e-10            nan]
 [           nan 4.66244983e-10]
 [1.20181315e-10            nan]
 [4.45396886e-10            nan]
 [1.69318339e-10            nan]
 [1.04360554e-10            nan]
 [7.12916954e-11            nan]
 [1.77655363e-10            nan]
 [1.52102768e-10            nan]
 [5.16823875e-10            nan]
 [5.50434948e-10            nan]
 [5.36344983e-10            nan]
 [6.17231833e-11            nan]
 [5.77866090e-10            nan]
 [3.73270588e-10            nan]
 [1.51002422e-10            nan]
 [2.02402768e-10            nan]
 [1.21628720e-10            nan]
 [4.21207958e-10            nan]
 [           nan 2.84072663e-11]
 [1.06444983e-10            nan]
 [4.00628720e-10            nan]
 [2.14487197e-10            nan]
 [1.73450173e-10            nan]
 [4.25170934e-10            nan]
 [           nan 2.31634256e-10]
 [           nan 4.72213495e-10]
 [           nan 1.62334602e-10]
 [5.17270934e-10            nan]
 [4.26297232e-10            nan]
 [5.26418685e-10            nan]
 [1.59092042e-10            nan]
 [3.68650518e-11            nan]
 [5.26734602e-10            nan]
 [4.80355363e-10            nan]
 [4.17349827e-10            nan]
 [2.06529412e-10            nan]
 [4.65728720e-10            nan]
 [1.30080969e-10            nan]
 [9.59761245e-11            nan]
 [4.55570934e-10            nan]
 [           nan 1.90713495e-10]
 [5.14550173e-10            nan]
 [2.17397924e-10            nan]
 [4.57860554e-10            nan]
 [3.75991695e-10            nan]
 [           nan 1.15828720e-10]
 [9.87076124e-11            nan]
 [9.29024221e-11            nan]
 [3.52228374e-10            nan]
 [1.48402422e-10            nan]
 [1.95607958e-10            nan]
 [1.48229066e-10            nan]
 [1.55686851e-10            nan]
 [5.02086851e-10            nan]
 [1.08360208e-10            nan]
 [3.40602076e-10            nan]
 [1.27523529e-10            nan]
 [1.18523529e-10            nan]
 [5.88224222e-10            nan]
 [4.12713149e-10            nan]
 [4.98050173e-10            nan]
 [           nan 4.46523529e-10]
 [4.99276471e-10            nan]
 [4.09091695e-10            nan]
 [4.79239446e-10            nan]
 [2.46640139e-10            nan]
 [5.00960554e-10            nan]
 [4.96250519e-10            nan]
 [3.49023183e-10            nan]
 [5.78924222e-10            nan]
 [1.08470934e-10            nan]
 [4.62918339e-10            nan]
 [8.27128027e-11            nan]
 [1.69481661e-10            nan]
 [4.19765744e-10            nan]
 [1.84097232e-10            nan]
 [1.04496886e-10            nan]
 [1.46681315e-10            nan]
 [4.15391695e-10            nan]
 [4.51118339e-10            nan]
 [2.33266436e-10            nan]
 [4.00128720e-10            nan]
 [5.03386851e-10            nan]
 [3.21755017e-10            nan]
 [4.75349827e-10            nan]
 [3.84875778e-10            nan]
 [2.11976817e-10            nan]
 [1.64934256e-10            nan]
 [3.99665398e-10            nan]
 [4.55329066e-10            nan]
 [2.86802768e-10            nan]
 [4.50597232e-10            nan]
 [4.64523529e-10            nan]
 [4.29407612e-10            nan]
 [1.82855363e-10            nan]
 [4.56660900e-10            nan]
 [1.25518339e-10            nan]
 [           nan 4.62255709e-10]
 [4.74960554e-10            nan]
 [1.32818339e-10            nan]
 [4.98639792e-10            nan]
 [1.88981661e-10            nan]
 [4.28291695e-10            nan]
 [4.66513495e-10            nan]
 [5.13060554e-10            nan]
 [1.86102768e-10            nan]
 [5.03749827e-10            nan]
 [5.31018685e-10            nan]
 [1.14149481e-10            nan]
 [1.04565744e-10            nan]
 [2.31929412e-10            nan]
 [1.02607612e-10            nan]
 [4.30355363e-10            nan]
 [5.78356055e-10            nan]
 [1.58165744e-10            nan]
 [1.46860208e-10            nan]
 [2.13602076e-11            nan]
 [7.70868512e-11            nan]
 [5.24539792e-10            nan]
 [4.73392042e-10            nan]
 [2.06729066e-10            nan]
 [4.87886851e-10            nan]
 [4.67555363e-10            nan]
 [5.03829066e-10            nan]
 [5.48203114e-10            nan]
 [5.09455363e-10            nan]
 [4.60876471e-10            nan]
 [3.33291695e-10            nan]
 [4.05028720e-10            nan]
 [2.42523875e-10            nan]
 [1.66876125e-10            nan]
 [5.01992388e-10            nan]
 [4.93050173e-10            nan]
 [5.32350173e-10            nan]
 [1.06139446e-10            nan]
 [3.75917993e-10            nan]
 [4.27839100e-10            nan]
 [4.40555363e-10            nan]
 [4.05065398e-10            nan]
 [1.80670934e-10            nan]
 [4.95523875e-10            nan]
 [5.14187197e-10            nan]
 [1.58071280e-10            nan]
 [2.23076817e-10            nan]
 [1.53018339e-10            nan]
 [5.28107958e-10            nan]
 [5.46612803e-10            nan]
 [2.46450519e-10            nan]
 [4.73150173e-10            nan]
 [8.73235294e-11            nan]
 [2.12066090e-10            nan]
 [1.44507958e-10            nan]
 [3.12480969e-10            nan]
 [1.81907958e-10            nan]
 [4.86813149e-10            nan]
 [4.15176125e-10            nan]
 [3.39454671e-10            nan]
 [4.61218339e-10            nan]
 [5.13276471e-10            nan]
 [2.20055363e-10            nan]
 [4.00802422e-10            nan]
 [3.41780969e-10            nan]
 [1.72413149e-10            nan]
 [4.76929066e-10            nan]
 [           nan 1.54865744e-10]
 [2.02676471e-10            nan]
 [1.80471280e-10            nan]
 [2.09634602e-10            nan]
 [1.62623875e-10            nan]
 [           nan 4.04260208e-10]
 [4.46723875e-10            nan]
 [1.09960208e-10            nan]
 [4.84118339e-10            nan]
 [1.39149827e-10            nan]
 [5.28819031e-10            nan]
 [3.38412803e-10            nan]
 [1.51339792e-10            nan]
 [1.85002768e-10            nan]
 [2.31481661e-10            nan]
 [2.04397578e-10            nan]
 [2.90444983e-10            nan]
 [1.07507612e-10            nan]
 [1.40681661e-10            nan]
 [4.66434602e-10            nan]
 [3.99033910e-10            nan]
 [           nan 4.67423875e-10]
 [1.87087197e-10            nan]
 [4.72534602e-10            nan]
 [4.09354671e-10            nan]
 [7.02024221e-11            nan]
 [4.35849827e-10            nan]
 [1.20813149e-10            nan]
 [5.08734256e-10            nan]
 [           nan 4.97981661e-10]
 [4.22065744e-10            nan]
 [2.31623875e-10            nan]
 [5.89192042e-10            nan]
 [1.54776471e-10            nan]
 [4.56060554e-10            nan]
 [2.06387197e-10 3.82097232e-10]
 [4.99634602e-10            nan]
 [3.30991695e-10            nan]
 [5.09197578e-10            nan]
 [1.75165744e-10            nan]
 [1.82582007e-10            nan]
 [4.22186505e-10            nan]
 [4.33139446e-10            nan]
 [4.42134256e-10            nan]
 [1.22113149e-10            nan]
 [1.76118685e-10            nan]
 [2.01666090e-10            nan]
 [4.17802076e-10            nan]
 [3.62939100e-10            nan]
 [4.71149827e-10            nan]
 [           nan 1.28660554e-10]
 [8.04948088e-12            nan]
 [1.45460900e-10            nan]
 [7.49498270e-11            nan]
 [1.00817993e-10            nan]
 [5.38065744e-10            nan]
 [4.70076125e-10            nan]
 [5.34756055e-10            nan]
 [4.79770934e-10            nan]
 [1.67376471e-10            nan]
 [1.40192042e-10            nan]
 [3.87728720e-10            nan]
 [4.27660554e-10            nan]
 [1.93955709e-10            nan]
 [1.35707958e-10            nan]
 [2.50729412e-10            nan]
 [4.70966090e-10            nan]
 [           nan 5.43334602e-10]
 [3.55797232e-10            nan]
 [2.73018685e-10            nan]
 [4.78070934e-10            nan]
 [           nan 4.98902768e-10]
 [2.33166090e-10            nan]
 [4.64492042e-10            nan]
 [1.78986851e-10            nan]
 [4.71166090e-10            nan]
 [4.62460208e-10            nan]
 [1.51644637e-10            nan]
 [           nan 4.95397578e-10]
 [1.80455363e-10            nan]
 [4.40692042e-10            nan]
 [2.45187197e-10            nan]
 [           nan 8.70550173e-11]
 [1.72471280e-10            nan]
 [4.39434256e-10            nan]
 [2.63408651e-10            nan]
 [1.78376125e-10            nan]
 [           nan 5.58224222e-10]
 [           nan 1.89729066e-10]
 [1.94497578e-10            nan]
 [4.18476125e-10            nan]
 [5.26387197e-10            nan]
 [4.81918339e-10            nan]
 [5.19450173e-10            nan]
 [1.79155363e-10            nan]
 [1.21033910e-10            nan]
 [2.23050519e-10            nan]
 [4.89865744e-10            nan]
 [2.32760900e-10            nan]
 [3.67207612e-10            nan]
 [2.13429066e-10            nan]
 [2.01786851e-10            nan]
 [5.14329412e-10            nan]
 [8.20024221e-11            nan]
 [4.45360900e-10            nan]
 [4.14586505e-10            nan]
 [7.23816609e-11            nan]
 [8.56020760e-11            nan]
 [1.51812803e-10            nan]
 [1.66965744e-10            nan]
 [4.80076125e-10            nan]
 [2.29776817e-10            nan]
 [3.77865052e-10            nan]
 [4.39802422e-10            nan]
 [4.46292042e-10            nan]
 [           nan 0.00000000e+00]
 [1.38007958e-10            nan]
 [7.99705882e-11            nan]
 [4.43697232e-10            nan]
 [1.31118339e-10            nan]
 [5.14176471e-10            nan]
 [5.06307958e-10            nan]
 [5.16334256e-10            nan]
 [1.58702422e-10            nan]
 [4.64170934e-10            nan]
 [1.42450173e-10            nan]
 [1.84929066e-10            nan]
 [2.97012457e-10            nan]
 [1.68555363e-10            nan]
 [5.25761245e-11            nan]
 [5.20460900e-10            nan]
 [5.49755709e-10            nan]
 [3.89759861e-10            nan]
 [5.05644983e-10            nan]
 [1.94223529e-10            nan]
 [6.78761245e-11            nan]
 [4.36876125e-10            nan]
 [1.82002768e-10            nan]
 [3.04276817e-10            nan]
 [4.71218339e-10            nan]
 [6.32128027e-11            nan]
 [1.31744983e-10            nan]
 [4.25734256e-10            nan]
 [5.28471280e-10            nan]
 [           nan 4.92529066e-10]
 [4.15439446e-10            nan]
 [3.70496886e-10            nan]
 [1.61602768e-10            nan]
 [1.56265744e-10            nan]
 [4.13086505e-10            nan]
 [4.09313149e-10            nan]
 [5.57987197e-10            nan]
 [4.84607958e-10            nan]
 [4.64650173e-10            nan]
 [2.99044637e-10            nan]
 [1.13234256e-10            nan]
 [1.62792388e-10            nan]
 [5.35576817e-10            nan]
 [2.12971280e-10            nan]
 [1.41044637e-10            nan]
 [2.38144983e-10            nan]
 [4.01617993e-10            nan]
 [           nan 4.85876125e-10]
 [1.63749827e-10            nan]
 [1.65618685e-10            nan]
 [1.97865744e-10            nan]
 [2.63708651e-10            nan]
 [4.45960208e-10            nan]
 [2.22387197e-10            nan]
 [4.14707612e-10            nan]
 [4.28202422e-10            nan]
 [1.78407958e-10            nan]
 [1.53970934e-10            nan]
 [1.36892042e-10            nan]
 [1.42460208e-10            nan]
 [1.02607958e-10            nan]
 [4.52002768e-10            nan]
 [4.55696886e-10            nan]
 [4.83223875e-10            nan]
 [1.76265744e-10            nan]
 [5.11444983e-10            nan]
 [5.83297924e-10            nan]
 [3.93817993e-10            nan]
 [5.31844983e-10            nan]
 [4.09628720e-10            nan]
 [1.96297924e-10            nan]
 [1.66870934e-10            nan]
 [1.00976471e-10            nan]
 [2.64650173e-10            nan]
 [5.23566090e-10            nan]
 [1.71223875e-10            nan]
 [2.48129412e-10            nan]
 [3.90270934e-10            nan]
 [7.41442906e-11            nan]
 [9.72342561e-11            nan]
 [           nan 2.19071280e-10]
 [           nan 5.66787543e-10]
 [1.60160554e-10            nan]
 [0.00000000e+00            nan]
 [2.29182007e-10            nan]
 [2.26818685e-10            nan]
 [1.54992388e-10            nan]
 [1.68570934e-10            nan]
 [8.01757785e-11            nan]
 [2.13007958e-10            nan]
 [8.18975779e-11 1.73265744e-10]
 [4.31213149e-10            nan]
 [4.26718339e-10            nan]
 [           nan 3.64855363e-10]
 [1.84982007e-10            nan]
 [4.72231833e-11            nan]
 [4.08665744e-10            nan]
 [1.56755363e-10            nan]
 [5.12029412e-10            nan]
 [1.68682007e-10            nan]
 [2.08223875e-10            nan]
 [           nan 4.91486851e-10]
 [5.07713149e-10            nan]
 [4.73255017e-10            nan]
 [1.57160554e-10            nan]
 [2.12629412e-10            nan]
 [4.43544637e-10            nan]
 [4.46897232e-10            nan]
 [1.10823529e-10            nan]
 [5.99776817e-10            nan]
 [           nan 4.29670934e-10]
 [5.30434602e-10            nan]
 [4.72097578e-10            nan]
 [1.72160554e-10            nan]
 [1.49881661e-10            nan]
 [2.71166436e-10            nan]
 [4.42705882e-11            nan]
 [1.86434256e-10            nan]
 [3.83565398e-10            nan]
 [5.57797232e-10            nan]
 [4.16391695e-10            nan]
 [2.16418685e-10            nan]
 [4.41155363e-10            nan]
 [4.73676471e-10            nan]
 [4.81202422e-10            nan]
 [1.60202768e-10            nan]
 [5.46060900e-10            nan]
 [4.34470934e-10            nan]
 [4.31012803e-10            nan]
 [2.16355363e-10            nan]
 [3.20139446e-10            nan]
 [1.94460900e-10            nan]
 [5.03060554e-10            nan]
 [3.69539446e-10            nan]
 [           nan 4.95339446e-10]
 [1.53649827e-10            nan]
 [4.56829066e-10            nan]
 [1.25318339e-10            nan]]
index_where_photons_det_z: [   7   58   76   89  129  135  144  157  166  170  178  180  201  215
  248  256  359  383  384  390  401  478  490  494  500  513  516  534
  561  578  588  592  614  649  651  657  670  715  737  742  780  782
  821  822  846  856  863  890  982  983  993 1012 1020 1023 1037 1039
 1056 1064 1068 1092 1100 1110 1121 1125 1131 1144 1186 1192 1198 1199
 1203 1206 1249 1254 1259 1344 1376 1390 1392 1405 1411 1436 1448 1505
 1510 1515 1516 1517 1531 1585 1592 1599 1614 1618 1625 1644 1647 1662
 1690 1710 1724 1746 1752 1804 1815 1825 1873 1883 1905 1934 1942 1968
 1983 2005 2019 2045 2072 2074 2100 2105 2108 2109 2121 2127 2147 2185
 2188 2194 2211 2289 2312 2316 2318 2322 2339 2342 2350 2391 2413 2449
 2456 2464 2478 2507 2520 2550 2555 2559 2567 2577 2584 2606 2625 2643
 2646 2666 2674 2676 2718 2734 2765 2806 2810 2842 2877 2906 2918 2935
 2978 3086 3095 3098 3189 3191 3203 3248 3266 3288 3331 3333 3357 3413
 3444 3486 3490 3499 3577 3582 3596 3632 3652 3655 3668 3693 3699 3700
 3755 3761 3788 3829 3830 3847 3848 3875 3886 3890 3921 3992 4035 4039
 4043 4046 4072 4076 4106 4107 4179 4197 4206 4213 4217 4231 4272 4287
 4299 4309 4322 4338 4358 4376 4388 4448 4462 4469 4487 4556 4602 4603
 4604 4606 4610 4620 4622 4645 4649 4685 4710 4733 4742 4749 4773 4774
 4788 4795 4818 4853 4884 4896 4899 4934 4948 4985 4991 4996 5017 5050
 5106 5170 5248 5269 5278 5286 5289 5296 5297 5364 5396 5429 5469 5486
 5508 5518 5551 5583 5590 5593 5596 5606 5625 5652 5678 5684 5702 5703
 5711 5725 5727 5738 5754 5762 5768 5774 5797 5817 5827 5839 5841 5867
 5918 5920 5922 5935 5936 5948 5951 5953 5958 5961 5962 5965 5966 5994
 6019 6067 6084 6123 6161 6191 6197 6200 6229 6241 6245 6254 6286 6291
 6294 6296 6310 6327 6342 6383 6389 6393 6484 6549 6554 6556 6606 6623
 6645 6655 6675 6681 6696 6857 6879 6903 6905 6924 6928 6962 6974 6983
 7010 7017 7029 7030 7046 7059 7073 7074 7098 7114 7125 7135 7141 7143
 7153 7189 7210 7226 7231 7238 7243 7253 7290 7308 7342 7346 7348 7357
 7370 7373 7435 7502 7582 7602 7607 7630 7638 7640 7660 7664 7682 7701
 7719 7721 7732 7737 7787 7800 7806 7838 7850 7853 7874 7946 7959 7965
 7979 7994 8023 8068 8082 8088 8103 8145 8152 8158 8163 8214 8230 8279
 8283 8359 8367 8382 8396 8406 8422 8447 8454 8466 8476 8485 8490 8512
 8521 8546 8550 8554 8555 8561 8590 8621 8676 8701 8715 8730 8761 8784
 8811 8842 8902 8943 8979 8984 8985 9024 9058 9063 9069 9076 9082 9099
 9102 9106 9218 9234 9243 9244 9257 9282 9335 9366 9396 9416 9419 9421
 9453 9502 9512 9530 9541 9554 9560 9593 9598 9627 9655 9657 9663 9669
 9704 9718 9734 9769 9800 9814 9824 9828 9836 9842 9878 9901 9903 9912
 9913 9943 9968 9969 9982 9988]
