n_samples: 200
seed: 624537
non_signal_voltage: {non_signal_voltage}
voltage_decoy: {voltage_decoy}
voltage: {voltage}
voltage_decoy_sup: {voltage_decoy_sup}
voltage_sup: {voltage_sup}
len_wrong_detections_z: 1
len_wrong_detections_x: 0
total_amount_detections: 0
amount_Z_detections: 0
amount_XP_detections: 0
qber: 0
phase_error_rate: 0
raw_key_rate: 0.0
gain_XP_norm: 0.0
gain_XP_dec: 0.0
gain_Z_norm: 0.0
gain_Z_dec: 0.0
calc_mean_photon_nr_eam: [0.69692847 0.72071684 0.70808425 0.66756465 0.10553335 0.74690849
 0.68239189 0.71296807 0.68423151 0.69774951 0.66719124 0.67819865
 0.68761589 0.6935024  0.70546103 0.7012088  0.65795607 0.67880774
 0.65870069 0.74200671 0.6986106  0.66352603 0.72505413 0.69728754
 0.69162958 0.71244284 0.70170981 0.70328959 0.65648114 0.66695308
 0.71574326 0.69821804 0.70219091 0.66453603 0.673435   0.70135432
 0.69358323 0.69400939 0.64281199 0.69973329 0.70489903 0.66425047
 0.66757946 0.70392651 0.68438303 0.68068006 0.70497934 0.67796568
 0.68117977 0.70854355 0.72721718 0.10215152 0.70297058 0.0997912
 0.6521721  0.6733935  0.69228531 0.66499902 0.66491797 0.72540024
 0.10440405 0.71366884 0.72269495 0.10149015 0.66155497 0.71690213
 0.70762522 0.6923609  0.71201528 0.69904297 0.71789146 0.67958608
 0.73262089 0.71622498 0.74273579 0.70124839 0.73213567 0.71083062
 0.72140375 0.10921604 0.67198664 0.70261764 0.72843026 0.70244312
 0.70979736 0.71569803 0.74426617 0.63243723 0.72863023 0.7018925
 0.69302941 0.71200572 0.69855322 0.09920773 0.65929126 0.72171135
 0.71809435 0.65969703 0.709807   0.67469562 0.67546269 0.71564309
 0.69210345 0.67131435 0.64948261 0.69070555 0.67717485 0.66602949
 0.67875743 0.66320867 0.74477925 0.65375614 0.75553791 0.64335339
 0.68588626 0.71209129 0.68739934 0.72022839 0.70222411 0.70759677
 0.73051043 0.67429216 0.6918097  0.65060625 0.66513962 0.70571716
 0.68226437 0.65554759 0.75721687 0.61967311 0.68665501 0.67270027
 0.69946196 0.71539884 0.71473069 0.66857754 0.65756542 0.70492716
 0.66426037 0.68118202 0.70554314 0.65487857 0.69951052 0.67201869
 0.70443557 0.67231475 0.1039666  0.70505369 0.65493585 0.69336735
 0.7003452  0.6716229  0.6885725  0.70227332 0.71828336 0.68172269
 0.71346567 0.63782959 0.10270567 0.69051002 0.6785156  0.68361247
 0.70043787 0.68500211 0.71243382 0.73867071 0.6767948  0.66997213
 0.10216303 0.7165256  0.67636514 0.69770241 0.72639644 0.66904765
 0.70311272 0.72756268 0.65569952 0.6547222  0.6799235  0.71547608
 0.66021679 0.10799404 0.10776388 0.67076605 0.67698091 0.6784264
 0.70620472 0.71611594 0.69964328 0.71496351 0.70345748 0.65366977
 0.67424544 0.68791795 0.67315326 0.70825531 0.09468682 0.7092509
 0.68579921 0.66407748]
calc_mean_photon_nr_detector_x: [0.09925685 0.10387829 0.10880555 0.07644099 0.02233141 0.0876857
 0.08889581 0.08638707 0.10487536 0.08233634 0.09660812 0.08839433
 0.09737876 0.1008592  0.09181534 0.09873532 0.09541536 0.10427954
 0.07494283 0.10415738 0.10679209 0.08112218 0.08537528 0.10726439
 0.07854756 0.10057585 0.10169929 0.10769364 0.07469295 0.09571592
 0.1029904  0.1077538  0.08273612 0.08664623 0.10349993 0.08502209
 0.08428655 0.08170282 0.10018285 0.07942923 0.09962292 0.08639208
 0.09489783 0.09165705 0.0977217  0.09801203 0.10847904 0.07705549
 0.09746967 0.10826287 0.08332252 0.01854567 0.0802786  0.01810327
 0.08497407 0.10329953 0.08173969 0.08651656 0.0954005  0.09604223
 0.02200353 0.08655804 0.08286148 0.01627254 0.08607075 0.10098338
 0.10344008 0.10024679 0.09264051 0.0995402  0.10358476 0.0990601
 0.1066611  0.11035861 0.08712844 0.09138217 0.10401189 0.0922669
 0.08728052 0.02374508 0.07639908 0.09976707 0.10555471 0.10197155
 0.10361322 0.10434043 0.11229181 0.0754383  0.10517507 0.10145476
 0.10123322 0.10952725 0.07977726 0.01796644 0.0965559  0.09391523
 0.10142633 0.09582877 0.10239299 0.08800244 0.09830618 0.10951383
 0.08390844 0.07950649 0.08452273 0.1052724  0.08224558 0.0757891
 0.09564097 0.0971916  0.09691388 0.09364306 0.10888808 0.08389535
 0.08332855 0.08639461 0.09801255 0.11015568 0.07970791 0.1005786
 0.11114308 0.07981596 0.09005591 0.09221673 0.09732967 0.10790646
 0.08034548 0.09714344 0.09844225 0.07563215 0.09756269 0.08750837
 0.09969967 0.10404536 0.10844103 0.07890063 0.09692136 0.10145649
 0.10263062 0.08290825 0.08311817 0.10153126 0.08252244 0.09781495
 0.10219933 0.09079648 0.01873908 0.0800524  0.09286459 0.10700684
 0.07950643 0.10291563 0.08127605 0.1029456  0.10366953 0.09945996
 0.09287766 0.07762379 0.01957107 0.10009041 0.09965545 0.08869526
 0.09914784 0.10541498 0.08649719 0.08907305 0.080022   0.08920909
 0.01409414 0.08676434 0.08223166 0.09977351 0.10436295 0.10340125
 0.08539381 0.08251883 0.07971853 0.0797424  0.10449439 0.08408189
 0.08810285 0.0156077  0.02221397 0.07934542 0.0882783  0.09613043
 0.108972   0.08123833 0.10710863 0.08655055 0.07988237 0.09288803
 0.09839236 0.10505762 0.07985843 0.09201651 0.01318342 0.09957962
 0.10534882 0.07877786]
Z0_sent_norm: 46
Z0_sent_dec: 3
Z1_sent_norm: 49
Z1_sent_dec: 3
XP_sent_norm: 92
XP_sent_dec: 7
execution_time_run: 10.777483463287354
time_simulating_signal: 5.956263303756714
time_eam: 6.283873558044434
