function_used: run_simulation_detection_tester
n_samples: 40
seed: 789856
non_signal_voltage: -1.2
voltage_decoy: -0.745242926478386
voltage: -0.2
voltage_decoy_sup: -0.8355372935533523
voltage_sup: -0.4324394613504409
p_indep_x_states_non_dec: None
p_indep_x_states_dec: None
p_vacuum_z: 0.8518518518518519
len_vacuum_indices_x_long: 40
len_Z_checked_dec: 0
len_Z_checked_non_dec: 4
XP_calc_non_dec: 0.0
XP_calc_dec: 0.0
gain_Z_non_dec: 0.14814814814814814
gain_Z_dec: -999
gain_X_non_dec: 0.0
gain_X_dec: -999
wrong_detections_z_dec: []
wrong_detections_z_non_dec: []
wrong_detections_x_dec: []
wrong_detections_x_non_dec: []
len_wrong_z_dec: 0
len_wrong_z_non_dec: 0
len_wrong_x_dec: 0
len_wrong_x_non_dec: 0
qber_z_dec: -999
qber_z_non_dec: 0.0
qber_x_dec: -999
qber_x_non_dec: -999
raw_key_rate: 162575191.02584946
total_amount_detections: 4.0
mean_photon_after_eam: [0.71878279 0.62525397 0.73998627 0.76390987 0.679405   0.72472082
 0.66093511 0.68713922 0.69238565 0.68518494 0.68087463 0.69788389
 0.66018382 0.65007614 0.71140582 0.73266555 0.69854654 0.72304937
 0.70350311 0.69199306]
mean_photon_after_fiber: [0.36024476 0.31336931 0.37087167 0.38286187 0.34050911 0.36322082
 0.33125224 0.3443854  0.34701485 0.34340595 0.34124567 0.3497705
 0.3308757  0.32580986 0.35654752 0.36720262 0.35010261 0.36238311
 0.35258678 0.34681809]
mean_photon_after_basis_choice: [0.18012238 0.15668465 0.18543584 0.19143094 0.17025456 0.18161041
 0.16562612 0.1721927  0.17350742 0.17170297 0.17062284 0.17488525
 0.16543785 0.16290493 0.17827376 0.18360131 0.1750513  0.18119156
 0.17629339 0.17340904]
mean_photon_after_dli: [0.07555918 0.01223603 0.04740608 0.03452756 0.01478872 0.04657301
 0.02913583 0.01456898 0.04537988 0.0302456  0.01539706 0.04485776
 0.02919667 0.01434481 0.04494373 0.0327441  0.01545306 0.0467346
 0.0311898  0.0138109 ]
calc_mean_photon_nr_detector_x: [0.07555918 0.01223603 0.04740608 0.03452756 0.01478872 0.04657301
 0.02913583 0.01456898 0.04537988 0.0302456  0.01539706 0.04485776
 0.02919667 0.01434481 0.04494373 0.0327441  0.01545306 0.0467346
 0.0311898  0.0138109  0.04768127 0.03357056 0.01401192 0.04620493
 0.03332544 0.01468713 0.04371983 0.03232857 0.01365822 0.04442013
 0.03003842 0.015229   0.04619953 0.03383856 0.01433199 0.04384038
 0.02827744 0.01424241 0.04703815 0.03389611]
