function_used: sift_vac_x
n_samples: 5000
seed: 56879
non_signal_voltage: -1.2
voltage_decoy: -0.745242926478386
voltage: -0.2
voltage_decoy_sup: -0.8355372935533523
voltage_sup: -0.4324394613504409
p_indep_x_states_non_dec: None
p_indep_x_states_dec: None
get_original_indexing_x: [  45  185  188  201  209  338  452  455  623  647  656  737  762  861
 1049 1097 1185 1305 1442 1505 1808 1913 2036 2115 2141 2766 2873 3038
 3044 3354 3408 3764 4028 4032 4379 4547 4601 4607 4625 4911]
detected_indices_x_det_x_basis: [[1]
 [1]
 [1]
 [1]
 [1]
 [0]
 [1]]
index_where_photons_det_x: [  45  185  188  201  209  338  452  455  623  647  656  737  762  861
 1049 1051 1097 1185 1305 1442 1505 1510 1808 1913 1927 2036 2115 2141
 2521 2766 2873 3038 3044 3354 3408 3764 4028 4032 4379 4547 4601 4607
 4625 4726 4882 4911 4975]
detected_indices_x: (47, 1)
