n_samples: 1000
seed: 624537
non_signal_voltage: {non_signal_voltage}
voltage_decoy: {voltage_decoy}
voltage: {voltage}
voltage_decoy_sup: {voltage_decoy_sup}
voltage_sup: {voltage_sup}
p_vacuum_z: 0
len_sift_x_basis_long: 1000
len_sift_z_basis_short: 47
len_wrong_detections_z: 0
len_Z_checked_non_dec: 0
len_Z_checked_dec: 0
gain_Z_non_dec: 0
gain_Z_dec: 0
XP_calc_non_dec: 0
XP_calc_dec: 0
gain_X_non_dec: 0
gain_X_dec: 0
len_vacuum_indices_x: 1000
calc_mean_photon_nr_eam: [0.70236142 0.71924707 0.72249195 0.68953418 0.7626582  0.66025199
 0.69015159 0.72847519 0.64267537 0.76637575 0.67936847 0.68374646
 0.70220192 0.70862144 0.6886506  0.71618957 0.66197281 0.67864096
 0.68009173 0.7179181  0.64977638 0.74199163 0.76668869 0.68394014
 0.66220463 0.74603018 0.79024733 0.68419861 0.74582419 0.69071527
 0.75951793 0.77846502 0.66783131 0.71822107 0.71958444 0.65544625
 0.68236488 0.6723821  0.68108222 0.69806629 0.67458223 0.73010886
 0.68918043 0.70082107 0.74000838 0.68148539 0.72428325 0.70007509
 0.674831   0.69180084 0.71001037 0.7129495  0.71874619 0.72214637
 0.68411671 0.68481586 0.66002406 0.68976395 0.73223178 0.6988698
 0.64459406 0.69262075 0.72136869 0.67515251 0.72528473 0.68690185
 0.64709906 0.71767097 0.67196907 0.67624421 0.72671229 0.68785682
 0.69317319 0.6608679  0.68936366 0.66006315 0.74267447 0.64549851
 0.72400903 0.70276445 0.72305916 0.68094671 0.70651726 0.71910834
 0.71373612 0.7126115  0.71516911 0.70337711 0.68746848 0.74962262
 0.6901509  0.71165521 0.7462328  0.6789819  0.73571404 0.70336803
 0.70940775 0.68574166 0.67227925 0.72004198 0.70533688 0.67644556
 0.67581332 0.67887003 0.70920473 0.70496861 0.7397811  0.69193763
 0.71272958 0.6571362  0.66897796 0.6628317  0.71674808 0.69553679
 0.73788079 0.67239094 0.66258511 0.71962886 0.69537219 0.69500948
 0.6975695  0.72234539 0.71138786 0.68124569 0.71482452 0.70899942
 0.71280788 0.66488301 0.72600458 0.72884195 0.69707697 0.64894755
 0.64640614 0.75004034 0.67413815 0.73966502 0.75113587 0.68033471
 0.70251156 0.7379646  0.61512429 0.67476672 0.75150243 0.67281758
 0.62350439 0.66882474 0.67146771 0.76867238 0.66602804 0.73931129
 0.73414489 0.77695699 0.6567951  0.72539503 0.68266617 0.71625858
 0.72199485 0.71626101 0.7053825  0.66260336 0.63507514 0.68731521
 0.64734571 0.71916755 0.66854237 0.73877318 0.6951328  0.74479136
 0.66955685 0.73750749 0.66968952 0.7083319  0.65331904 0.6970567
 0.7327951  0.73106555 0.7397018  0.72912715 0.63803428 0.65019829
 0.70262872 0.68520675 0.66244834 0.69187222 0.72771195 0.67193083
 0.67577804 0.69260239 0.66761494 0.71126993 0.65337971 0.66871226
 0.70733027 0.662938   0.72762568 0.62202609 0.69824568 0.67666763
 0.6775477  0.74460183 0.73851364 0.64687498 0.68810655 0.63536558
 0.68632733 0.73465179 0.70726129 0.67843001 0.70865916 0.78927757
 0.7213101  0.69604503 0.74104375 0.71437961 0.743938   0.67475731
 0.65768327 0.64095599 0.69634472 0.72751479 0.69015868 0.69312792
 0.6289558  0.72811434 0.66121897 0.6867855  0.67309893 0.69321852
 0.7265709  0.76910795 0.68265481 0.6849095  0.73117084 0.72435218
 0.64583927 0.69330408 0.69524821 0.66952117 0.69558307 0.6598113
 0.70005173 0.73257911 0.72062004 0.6966575  0.7666506  0.74733776
 0.68103543 0.72850848 0.71509429 0.70439241 0.77041824 0.67584391
 0.63087789 0.6292018  0.68950508 0.65344938 0.73057736 0.69719056
 0.66814053 0.62516012 0.6851309  0.64014522 0.686473   0.70641248
 0.6274321  0.7158445  0.70177481 0.73206095 0.76617939 0.65406901
 0.70627006 0.65399614 0.71959793 0.65917035 0.71401061 0.57352949
 0.70593384 0.72379079 0.68659122 0.69342997 0.73370423 0.69819791
 0.67285109 0.6972341  0.72465248 0.66837814 0.64872042 0.68933789
 0.69962158 0.7094255  0.66991485 0.67931521 0.67482111 0.74541447
 0.74140385 0.69166374 0.70639579 0.7457466  0.68368566 0.73068298
 0.72293919 0.64240281 0.70966567 0.66779692 0.70451085 0.73914533
 0.68776401 0.70382032 0.64839779 0.67032556 0.70496651 0.6882593
 0.680772   0.70691896 0.68455459 0.64883805 0.69401594 0.66220438
 0.69037481 0.65168785 0.77002173 0.73248211 0.61459532 0.64596355
 0.72226805 0.67112547 0.68734784 0.72491376 0.7081592  0.70312665
 0.71049467 0.61745262 0.68800277 0.76615507 0.62177407 0.6636894
 0.69165259 0.68559998 0.6974224  0.67549289 0.72476637 0.71485771
 0.73166653 0.6966139  0.67900492 0.68394407 0.77258285 0.72291679
 0.71581722 0.69525104 0.73128992 0.64096128 0.73230548 0.69426788
 0.7036567  0.67903192 0.70339532 0.71355139 0.69331031 0.69271817
 0.70531771 0.65837383 0.70496415 0.68349818 0.72523467 0.65260666
 0.69454497 0.72327505 0.70178356 0.73489712 0.73441955 0.65888945
 0.6905979  0.71616593 0.70465123 0.67778044 0.66037332 0.71280626
 0.74315329 0.70485783 0.6917552  0.74249932 0.72685145 0.67489727
 0.63419645 0.66645114 0.65528532 0.66606025 0.69743271 0.64662642
 0.62162259 0.77676472 0.65826356 0.72054483 0.71718234 0.68420549
 0.74114548 0.63380969 0.66436248 0.68870995 0.68439414 0.68571186
 0.71736004 0.70856839 0.72873607 0.76307061 0.71486431 0.69737441
 0.72296337 0.69999688 0.67918292 0.73237804 0.68666774 0.69476797
 0.670118   0.6392749  0.66793329 0.67886568 0.72127698 0.69949973
 0.72556601 0.69917163 0.65190326 0.69253392 0.67811611 0.69310411
 0.67402038 0.6627     0.69717523 0.69835652 0.72689461 0.66950749
 0.69058416 0.69852437 0.70344924 0.67164407 0.73380129 0.774777
 0.69726275 0.71586152 0.69371816 0.65685457 0.70472108 0.71967359
 0.72014068 0.71724255 0.70347929 0.74390099 0.69231416 0.69295836
 0.6283235  0.70813007 0.69402064 0.67252925 0.76661777 0.5951222
 0.69550261 0.64264916 0.72423009 0.69274558 0.70201271 0.62420567
 0.63631374 0.71404072 0.71396707 0.68925572 0.69558434 0.74723451
 0.70400351 0.67384163 0.7099638  0.69101605 0.69602216 0.70440141
 0.71774853 0.67670773 0.7012315  0.7154625  0.67231735 0.7195915
 0.69404573 0.74418027 0.69357599 0.66848408 0.73064137 0.68917457
 0.75822843 0.71326982 0.69498837 0.78822184 0.72474618 0.75162056
 0.75294923 0.67067309 0.71833467 0.73766509 0.71643343 0.71387462
 0.66985094 0.72151605 0.70206106 0.67721598 0.7174462  0.68278091
 0.69839151 0.70667264 0.68008554 0.69734076 0.6764231  0.63464908
 0.74440313 0.70394159 0.70598191 0.66689572 0.74656864 0.64656404
 0.67728791 0.75552675 0.71377527 0.69575706 0.69666734 0.65737828
 0.69167341 0.70909922 0.69439144 0.70905952 0.72206671 0.72399765
 0.67833646 0.68676098 0.73323545 0.7163613  0.71938567 0.65111131
 0.72683917 0.685711   0.73001838 0.64613773 0.72752912 0.73506394
 0.72956225 0.68073858 0.70264153 0.64932479 0.72117256 0.72031387
 0.6867156  0.73323341 0.67783756 0.69542758 0.65819822 0.64592426
 0.62689878 0.66900125 0.72221659 0.72891288 0.64780427 0.74983753
 0.7387922  0.73404742 0.71303156 0.7136705  0.71271795 0.76070117
 0.6941987  0.69667998 0.66383379 0.74083766 0.71034481 0.75682406
 0.75698764 0.64386356 0.73700492 0.71004083 0.69776381 0.68649896
 0.69842215 0.66223875 0.72889411 0.68722516 0.715378   0.72058384
 0.7320405  0.68948131 0.66283629 0.67325757 0.63967654 0.70443234
 0.71184357 0.72285922 0.67796937 0.73452639 0.71215863 0.67701356
 0.68108969 0.6743881  0.68328861 0.69486066 0.67079182 0.68517568
 0.66979402 0.73096094 0.75671689 0.69571129 0.75308362 0.6666632
 0.6743998  0.70410756 0.63653354 0.67832751 0.73649982 0.71455792
 0.63991199 0.67348509 0.62601283 0.65765094 0.66284891 0.76119912
 0.67551131 0.70223962 0.66401843 0.70494769 0.69273642 0.70654951
 0.71783497 0.68884968 0.67361348 0.70272201 0.72930131 0.69970473
 0.70885185 0.72702663 0.69611616 0.68972967 0.68938221 0.70953674
 0.64907124 0.64969767 0.72541896 0.71289496 0.70930021 0.6898517
 0.69834503 0.67190395 0.70111894 0.71678662 0.70433477 0.71641221
 0.7003139  0.7306888  0.69943439 0.69511388 0.72292638 0.73823786
 0.6884303  0.73194886 0.69299145 0.74265482 0.6568607  0.72608528
 0.7305486  0.7215301  0.71667173 0.68304257 0.73448392 0.68924144
 0.66535204 0.70736335 0.69440132 0.65195089 0.76035571 0.67618427
 0.7255394  0.63611694 0.71029177 0.6941018  0.71125155 0.71332543
 0.71700561 0.78524358 0.71625945 0.68806775 0.65151969 0.69255863
 0.68740558 0.68348923 0.71538085 0.70638996 0.74085959 0.71905242
 0.73408681 0.64336736 0.63120643 0.67589574 0.73861846 0.7086503
 0.68863185 0.70857308 0.67823114 0.7096853  0.65196497 0.67013136
 0.69036131 0.66100583 0.70758667 0.72146296 0.72645297 0.72461823
 0.6828854  0.68855354 0.67665112 0.70450933 0.69357727 0.6834336
 0.75313786 0.71030025 0.7083691  0.65219854 0.61935524 0.7226765
 0.66983418 0.73516269 0.77901752 0.71887561 0.69405113 0.70478426
 0.66968075 0.71278277 0.71411723 0.69554978 0.74512985 0.72412109
 0.66718464 0.72653774 0.70111576 0.67064972 0.67244081 0.74753041
 0.72679189 0.75890812 0.70682229 0.71941798 0.73424998 0.74706671
 0.7361427  0.65301152 0.66554483 0.69379358 0.73861886 0.65345524
 0.75055232 0.71182501 0.71712867 0.76296803 0.74138111 0.71727671
 0.69427971 0.67046059 0.69356604 0.68678945 0.73156235 0.72849077
 0.70150822 0.73251202 0.62292278 0.71147214 0.69503621 0.72176925
 0.70518855 0.73591287 0.73496    0.66264293 0.70082248 0.73232196
 0.71155498 0.72030774 0.70770392 0.66900454 0.70352858 0.69276534
 0.71947631 0.61536819 0.70304594 0.6630385  0.68749191 0.70824365
 0.74800938 0.6688662  0.72383856 0.69874818 0.65127825 0.71486561
 0.69303934 0.67556996 0.72268897 0.70366058 0.64186257 0.74811413
 0.66815292 0.67166146 0.71517    0.70502958 0.68357317 0.72310014
 0.66085228 0.69355307 0.67301816 0.70567716 0.67786685 0.68875234
 0.6984103  0.71629236 0.6368239  0.73388233 0.68045734 0.70698768
 0.70964715 0.72564573 0.67541674 0.67830496 0.71228633 0.70211675
 0.66292254 0.62427442 0.66187027 0.71630659 0.692859   0.64886785
 0.70483846 0.73393032 0.71223494 0.63901338 0.75631369 0.61892133
 0.6470989  0.67489012 0.67581654 0.71914783 0.72192036 0.72690521
 0.64440715 0.67202684 0.72733023 0.68916149 0.64885407 0.71836153
 0.67817539 0.72545465 0.68889946 0.73625781 0.68972459 0.70211593
 0.69319051 0.75314546 0.66572358 0.72344443 0.67389502 0.70979717
 0.72437828 0.70906337 0.72809833 0.65931388 0.70998597 0.76942032
 0.66920894 0.67901588 0.72712644 0.70009897 0.69764518 0.71086711
 0.66906632 0.68560696 0.68698592 0.65810156 0.71305359 0.64034997
 0.76109237 0.71788982 0.70871735 0.70977123 0.70154987 0.65936734
 0.67888731 0.71239624 0.72531689 0.65571933 0.76216236 0.69358181
 0.68659976 0.7376995  0.7030947  0.70078567 0.69296023 0.70363044
 0.70189147 0.67937155 0.69419687 0.72135811 0.71400187 0.65225814
 0.70328388 0.69746076 0.69469169 0.73262927 0.67042163 0.63251293
 0.750186   0.66287007 0.66707185 0.69505105 0.79293532 0.71314781
 0.66783243 0.69970355 0.73600072 0.68678445 0.75787175 0.69679177
 0.73417984 0.68533819 0.70840599 0.74745954 0.65316135 0.66475851
 0.71483134 0.66768154 0.72345555 0.67321176 0.69545615 0.64639191
 0.66647795 0.72518533 0.67915721 0.74611031 0.65801074 0.71677229
 0.73076607 0.66531348 0.71198352 0.70255592 0.6807557  0.69797013
 0.73028571 0.6917822  0.72113633 0.66568321 0.7441426  0.68826101
 0.69238138 0.70864757 0.70569537 0.6697574  0.64676296 0.66973202
 0.69853192 0.7034359  0.67137088 0.72867982 0.65256916 0.73350804
 0.67411155 0.67818041 0.69035652 0.68510178 0.72814138 0.68945703
 0.61844437 0.74541946 0.71145587 0.73158107 0.64394933 0.72002855
 0.7121692  0.73274086 0.64912898 0.69916452 0.68277536 0.7147734
 0.69847715 0.67615478 0.69519801 0.70943392 0.70187971 0.68305617
 0.7242728  0.64031112 0.71199111 0.71418544 0.78161942 0.68124623
 0.72814618 0.747074   0.73589012 0.72514428 0.59476812 0.70677115
 0.65341772 0.69275756 0.66717651 0.71417215]
calc_mean_photon_nr_detector_x: [0.00294152 0.0030518  0.00329909 0.00285855 0.00358666 0.00289724
 0.00294273 0.00333487 0.002557   0.00354369 0.00294631 0.00297253
 0.00296757 0.00300447 0.00299204 0.00307662 0.00310156 0.00304815
 0.00278697 0.00329812 0.00249848 0.00330843 0.0036016  0.00276843
 0.00297758 0.00324729 0.00359327 0.00281073 0.003364   0.00294452
 0.00313628 0.0037948  0.00266909 0.00311222 0.00326355 0.00294568
 0.00286518 0.00291935 0.00292489 0.00326    0.00272    0.00314997
 0.00296672 0.00299334 0.00323842 0.00311107 0.00306814 0.00336757
 0.00283637 0.0029185  0.00305362 0.00324348 0.00318089 0.00312101
 0.00301093 0.00302277 0.00272551 0.00284803 0.00344167 0.00300477
 0.00288557 0.00287473 0.00315758 0.0030232  0.00323342 0.00313261
 0.0025461  0.00331631 0.00292394 0.00282038 0.00312623 0.00299321
 0.00308397 0.00291695 0.0030297  0.00268245 0.00338665 0.00275549
 0.00316008 0.0030544  0.00319366 0.00277656 0.00319349 0.00322214
 0.0031833  0.00292065 0.00347471 0.00287756 0.00285353 0.00363661
 0.00282705 0.00300029 0.00339146 0.00285632 0.00322478 0.00327109
 0.00306775 0.00308594 0.00273867 0.00321879 0.00310416 0.00286337
 0.00308697 0.0029517  0.00310071 0.00300657 0.0032223  0.00300223
 0.00311526 0.00286604 0.00297019 0.00280433 0.00312381 0.00291006
 0.0035824  0.00293115 0.00259776 0.00329399 0.00300558 0.00292722
 0.00297013 0.00315487 0.00320036 0.00293017 0.00318212 0.0029657
 0.00331278 0.00282537 0.00319517 0.00298569 0.00324505 0.00292529
 0.00254632 0.00343671 0.00281707 0.00316941 0.00345116 0.00284717
 0.00299994 0.00361497 0.00242841 0.00281994 0.00338854 0.00310693
 0.00267945 0.00286318 0.00268219 0.00348216 0.0028598  0.00332616
 0.0029878  0.00361136 0.00276605 0.00331046 0.00293938 0.00292898
 0.00319329 0.00321425 0.00319486 0.00289382 0.00253114 0.00315041
 0.00264347 0.00333537 0.00266672 0.00354225 0.00276389 0.00353739
 0.00267872 0.00332467 0.00285797 0.00324657 0.00253821 0.00327477
 0.00315204 0.0031651  0.00312525 0.00354404 0.00263632 0.00269138
 0.00323671 0.00304228 0.00264421 0.00305736 0.0031306  0.00321124
 0.002806   0.00293772 0.00288175 0.00321748 0.00298858 0.00266065
 0.00349504 0.00255094 0.00350816 0.00238701 0.00327604 0.00288312
 0.00273188 0.00326795 0.00327203 0.00293773 0.00296699 0.00292694
 0.00298097 0.00327326 0.00294532 0.0031278  0.00277573 0.00356824
 0.00315284 0.00306539 0.00311572 0.00325076 0.00327875 0.0030959
 0.00287375 0.0026919  0.00302502 0.00338073 0.00310525 0.0031309
 0.00237344 0.00342556 0.00281584 0.00282781 0.00297145 0.00311412
 0.00299114 0.00376236 0.00293869 0.00270564 0.00330722 0.00332675
 0.00268113 0.00295291 0.00329851 0.00279533 0.0031253  0.00269307
 0.00287004 0.00338799 0.00312496 0.00291124 0.00341017 0.00335884
 0.0029103  0.00315727 0.00303044 0.00301876 0.00360446 0.0030828
 0.00267999 0.00267274 0.00298749 0.0025463  0.00362093 0.00283461
 0.00335977 0.00243318 0.00310153 0.00281979 0.00292375 0.0031259
 0.00248946 0.00331966 0.00289045 0.00311523 0.00385632 0.00251162
 0.00297711 0.00306411 0.00356978 0.00273117 0.00340486 0.00223294
 0.00304579 0.00323233 0.0031169  0.00295594 0.00326719 0.00289799
 0.00293859 0.00304511 0.0032823  0.00308236 0.00269066 0.00287935
 0.00312424 0.00317302 0.0029497  0.00272354 0.00293523 0.00331118
 0.00350673 0.00292715 0.00278035 0.00354081 0.00284757 0.00326566
 0.00337295 0.00256806 0.00315436 0.00279454 0.0030116  0.00338767
 0.00295824 0.00327599 0.00268128 0.00274196 0.00336781 0.00296023
 0.00306214 0.00286536 0.00314699 0.00281228 0.00300709 0.0028761
 0.00294134 0.00271052 0.00344085 0.00345105 0.00244111 0.00287768
 0.00326665 0.00281095 0.00301233 0.00318894 0.00301557 0.00320371
 0.0034472  0.00250568 0.00273863 0.00366525 0.00255604 0.00290454
 0.00298772 0.00310704 0.00292714 0.00283206 0.00323402 0.00304236
 0.00330466 0.00293183 0.00309177 0.00275196 0.00359002 0.0030265
 0.0031481  0.00298519 0.00349192 0.00246895 0.00324119 0.00313085
 0.00301649 0.00288098 0.00299085 0.00324498 0.00304707 0.00306346
 0.00324105 0.00263133 0.00311448 0.00297692 0.00341819 0.00252541
 0.00322769 0.00297042 0.00323504 0.00314338 0.00319875 0.00296135
 0.00280523 0.00323397 0.00310683 0.00304658 0.00257915 0.00319168
 0.00340809 0.00312979 0.00296235 0.0031835  0.00314908 0.00302553
 0.00277252 0.00295877 0.00285403 0.00286207 0.00305315 0.00281729
 0.00256625 0.00387792 0.00248418 0.0034062  0.00326094 0.00283991
 0.00326077 0.00282079 0.00285587 0.00290231 0.0029986  0.00287159
 0.00327413 0.00300847 0.00316383 0.00349105 0.00313656 0.00298795
 0.00323926 0.00292911 0.00286031 0.00326174 0.00311652 0.00301175
 0.00297579 0.00278313 0.00278953 0.00277278 0.0033947  0.00297254
 0.00312241 0.00310685 0.00291164 0.00294367 0.00286936 0.00307766
 0.00312213 0.00267158 0.00305172 0.0029727  0.00328003 0.00284234
 0.00297335 0.00314664 0.00302191 0.0027655  0.00310881 0.00367366
 0.00277169 0.00329546 0.00309089 0.00284311 0.00305135 0.003146
 0.00304803 0.00324947 0.00281523 0.0034238  0.00298067 0.00327634
 0.00258802 0.00313508 0.00283889 0.00282091 0.00389762 0.00228204
 0.00344654 0.00242774 0.00327721 0.00288741 0.00335375 0.00265396
 0.00256999 0.00313419 0.003214   0.00291839 0.00283147 0.0034227
 0.00316977 0.0028246  0.00311295 0.00293497 0.002997   0.00309689
 0.00323374 0.00297586 0.00305107 0.00311892 0.00275285 0.00329515
 0.00285868 0.00347366 0.00302015 0.00276675 0.00336271 0.00287111
 0.00339593 0.00304128 0.00287684 0.00352464 0.00311436 0.00321556
 0.00349215 0.00276803 0.00309015 0.00328344 0.00319058 0.00322321
 0.00286644 0.00315892 0.00312341 0.00285918 0.00330561 0.00282603
 0.00303052 0.00329679 0.00293919 0.0029657  0.00311932 0.00247809
 0.00322007 0.00321825 0.00319465 0.00272539 0.00337869 0.00277833
 0.00278249 0.00352849 0.00293589 0.00300336 0.00317563 0.00281902
 0.00295584 0.00302462 0.00328353 0.00305003 0.00328286 0.00315956
 0.00293011 0.00272224 0.00346521 0.00291738 0.003382   0.0026005
 0.00326567 0.00290667 0.0035362  0.00251994 0.00310832 0.00313631
 0.00334634 0.00293942 0.00336449 0.00244922 0.00333284 0.00309873
 0.00301607 0.00313984 0.00308633 0.00305626 0.00300148 0.00282252
 0.00263707 0.00280547 0.00316968 0.00313881 0.00280981 0.00330722
 0.00313157 0.00330359 0.00315811 0.00297474 0.00316001 0.00330171
 0.00311322 0.00306035 0.00270484 0.00338241 0.0029926  0.00327644
 0.00340288 0.00269299 0.00329912 0.00289178 0.00344939 0.00297756
 0.00316284 0.00265649 0.00322219 0.00292507 0.00306768 0.00311649
 0.00347787 0.00304489 0.00282917 0.00289241 0.00252461 0.00336786
 0.00294544 0.00351089 0.00274636 0.00319842 0.00317229 0.00291935
 0.00293558 0.00305276 0.00293211 0.00305555 0.00287633 0.00300359
 0.00269622 0.00337251 0.00324984 0.00290352 0.0034478  0.00286181
 0.00282296 0.00336917 0.0027859  0.00290262 0.00319707 0.00339853
 0.00285835 0.00300807 0.00262    0.00285791 0.00278427 0.0034275
 0.00292026 0.00319853 0.00264276 0.00297832 0.0032386  0.00288708
 0.00336196 0.00285659 0.00293517 0.00304028 0.00324008 0.00296308
 0.00319237 0.00310413 0.0030636  0.00291512 0.00301517 0.00327564
 0.0027763  0.00285253 0.00289693 0.00324159 0.0031236  0.00303332
 0.00310838 0.00288033 0.00280501 0.00322037 0.00318745 0.00330902
 0.00286262 0.00308115 0.00327315 0.00282323 0.00317604 0.00322602
 0.0029847  0.00322838 0.0029545  0.00354104 0.00258984 0.00323805
 0.00312527 0.00322202 0.00317028 0.00285505 0.00347136 0.00297011
 0.00280661 0.00299921 0.00305208 0.00285441 0.00337649 0.00271695
 0.00351451 0.00277194 0.00308244 0.00303979 0.00301972 0.00310877
 0.00294746 0.003587   0.00324857 0.0029191  0.00294179 0.00283835
 0.00313633 0.00290994 0.00324865 0.00278575 0.00338427 0.00322858
 0.00336708 0.00279168 0.00274717 0.00277967 0.0032167  0.00328498
 0.00270256 0.00310363 0.00312694 0.00315737 0.00293387 0.00288191
 0.00296372 0.00288572 0.00298383 0.0031244  0.00323623 0.00308429
 0.00301093 0.00321804 0.00288597 0.00314692 0.00298571 0.00269154
 0.00365853 0.002951   0.00320449 0.00305005 0.00237425 0.00335782
 0.0027744  0.0030961  0.00365398 0.00288292 0.00325084 0.00303304
 0.00289428 0.00319469 0.0030382  0.00283866 0.00340117 0.00332557
 0.00271282 0.00318418 0.00314441 0.00287406 0.00281051 0.00329457
 0.00307453 0.00359086 0.00291654 0.00318986 0.00299812 0.00349876
 0.0035055  0.00268908 0.00290322 0.00275282 0.00338106 0.00269178
 0.00350916 0.00306463 0.00297566 0.00336461 0.00324357 0.00332812
 0.00291268 0.00292795 0.00298765 0.00285168 0.00341122 0.00305592
 0.00312184 0.00339346 0.00245433 0.0031428  0.00308905 0.00317406
 0.00296316 0.00325597 0.00352131 0.0027229  0.00294218 0.00307062
 0.00327452 0.00311988 0.00313283 0.0028513  0.00311637 0.00281334
 0.00350206 0.00244657 0.00304749 0.00290509 0.00299771 0.00290623
 0.00351379 0.00270193 0.00304537 0.00351334 0.00257586 0.00331738
 0.00301209 0.00264184 0.00342089 0.00303459 0.00272948 0.0033943
 0.00297717 0.0025207  0.0034132  0.00316143 0.00277662 0.00357419
 0.0027027  0.00304356 0.00275915 0.00346587 0.0027625  0.00309152
 0.00288359 0.00312859 0.00273581 0.00344577 0.00270845 0.00335257
 0.00280493 0.00341084 0.00284789 0.00290596 0.00311873 0.00318689
 0.00304711 0.00260409 0.00274999 0.00323902 0.00315639 0.00246361
 0.00341233 0.00295791 0.00331537 0.0027536  0.00363026 0.00268353
 0.00264098 0.00287539 0.00292222 0.0031703  0.00297454 0.00338107
 0.00269806 0.00290343 0.00359256 0.00303249 0.00257741 0.00323973
 0.00284775 0.00328238 0.00273246 0.00335283 0.00311752 0.00310056
 0.00269779 0.0035007  0.00294041 0.00333882 0.00274081 0.00304734
 0.00305428 0.00316185 0.00336422 0.0027169  0.00287924 0.0036176
 0.00306543 0.00269453 0.00326953 0.00297585 0.00320014 0.00307813
 0.00283698 0.00307876 0.00307355 0.00272426 0.00299959 0.0028281
 0.00355447 0.00316426 0.00289885 0.00307626 0.0032464  0.0030393
 0.00278806 0.0029855  0.00334829 0.00264524 0.00346248 0.00285038
 0.00308156 0.00327415 0.00322751 0.00314501 0.00290743 0.00304133
 0.00327575 0.00290855 0.00281948 0.00322062 0.00320129 0.00275677
 0.00313524 0.00296667 0.00293785 0.0032469  0.00300861 0.00263781
 0.00343531 0.00286925 0.00291011 0.00268154 0.00369687 0.00318882
 0.00290598 0.00288787 0.00323071 0.00277606 0.00356062 0.00290731
 0.00337061 0.00294057 0.00293685 0.00337614 0.00275059 0.00301001
 0.0030678  0.00286098 0.00341239 0.00272884 0.00309263 0.00280111
 0.00276998 0.00322263 0.00292881 0.00331503 0.002725   0.00321103
 0.00340694 0.00274333 0.0031605  0.00316304 0.00280515 0.00306569
 0.00328388 0.00284709 0.00339435 0.00258049 0.00341709 0.0030526
 0.00299355 0.00303334 0.00300822 0.00303682 0.00271279 0.0029608
 0.00300212 0.00320957 0.00281895 0.00331167 0.0025616  0.00349838
 0.00278157 0.00305892 0.0030007  0.00272505 0.00349878 0.00309598
 0.00244472 0.00349752 0.00296323 0.00347757 0.00271935 0.00295978
 0.00315503 0.00324577 0.00286952 0.00283114 0.00308697 0.00319258
 0.00301318 0.00285606 0.00305558 0.0030999  0.00297241 0.00318198
 0.00337861 0.00241812 0.00322775 0.00298286 0.00374617 0.00293168
 0.00290969 0.00354849 0.0029154  0.00366756 0.00238858 0.00310811
 0.00287142 0.00294621 0.00288444 0.00315735]
execution_time_run: 185.77774906158447
time_simulating_signal: 167.209796667099
time_eam: 168.60678434371948
