n_samples: 200
seed: 624537
non_signal_voltage: {non_signal_voltage}
voltage_decoy: {voltage_decoy}
voltage: {voltage}
voltage_decoy_sup: {voltage_decoy_sup}
voltage_sup: {voltage_sup}
len_wrong_detections_z: 1
len_wrong_detections_x: 3
total_amount_detections: 0
amount_Z_detections: 0
amount_XP_detections: 0
qber: 0
phase_error_rate: 0
raw_key_rate: 0.0
gain_XP_norm: 0.0
gain_XP_dec: 0.0
gain_Z_norm: 0.0
gain_Z_dec: 0.0
calc_mean_photon_nr_eam: [0.696935   0.72071714 0.70808447 0.6675709  0.10553332 0.7469155
 0.68239164 0.71297474 0.68423792 0.69775604 0.66719106 0.67819849
 0.68762232 0.69350259 0.70546098 0.70121536 0.65795611 0.67880788
 0.65870686 0.7420137  0.69861096 0.66353223 0.72506091 0.69728763
 0.69163607 0.71244954 0.70171003 0.70328981 0.65648728 0.66695932
 0.71574355 0.69821823 0.70219749 0.66453573 0.67344131 0.70136089
 0.69358972 0.69401589 0.64281189 0.69973985 0.70490566 0.66425043
 0.6675857  0.70392664 0.68438943 0.68068021 0.70497957 0.67797204
 0.68118615 0.70854393 0.727224   0.1021515  0.70297715 0.09979121
 0.65217178 0.6733998  0.69229178 0.6649987  0.66492419 0.72540045
 0.10440399 0.71367554 0.72270171 0.10149013 0.66155466 0.71690886
 0.70762544 0.69236094 0.71201525 0.69904952 0.71789171 0.67958608
 0.73262108 0.71622523 0.74274277 0.70124821 0.73214255 0.71083073
 0.72141049 0.10921606 0.67199293 0.70262425 0.72843058 0.70244319
 0.70979746 0.71569815 0.74426656 0.63244307 0.72863027 0.70189257
 0.69302944 0.71200595 0.69855976 0.09920775 0.65929106 0.72171135
 0.71810109 0.65969706 0.70980711 0.67469544 0.67546255 0.71564337
 0.69210994 0.67132063 0.64948225 0.69071202 0.67718119 0.66603572
 0.67876377 0.66320872 0.74477935 0.65376225 0.75553834 0.64335313
 0.68589268 0.71209796 0.68740579 0.72022885 0.7022307  0.70760342
 0.73051091 0.67429847 0.69180948 0.65061233 0.66513971 0.7057174
 0.68227075 0.65554739 0.75721701 0.61967889 0.68666145 0.67270028
 0.69946852 0.71539912 0.71473098 0.66858378 0.65756523 0.70492725
 0.66426043 0.68118838 0.70554974 0.65487849 0.69951707 0.67201852
 0.70443564 0.67231463 0.10396659 0.70506029 0.65494198 0.6933677
 0.70035178 0.67162919 0.68857895 0.70227328 0.71828349 0.68172265
 0.71346564 0.63783554 0.10270566 0.69050997 0.67851554 0.68361239
 0.70044443 0.68500242 0.71244052 0.73867763 0.67680113 0.66997187
 0.10216302 0.71653231 0.67637147 0.69770896 0.72639675 0.66904778
 0.70311931 0.7275695  0.65570566 0.65472834 0.67992987 0.71548278
 0.66021651 0.10799394 0.10776381 0.67077231 0.67698064 0.67843274
 0.70620508 0.71612268 0.69964984 0.71497021 0.70346407 0.65367588
 0.67424555 0.68791811 0.67315956 0.70825516 0.09468686 0.70925755
 0.6857995  0.66408369]
calc_mean_photon_nr_detector_x: [0.28232131 0.27015233 0.32678711 0.10502479 0.1256682  0.1483383
 0.18581908 0.18235665 0.33894215 0.14299387 0.25403148 0.18545095
 0.27431705 0.26786321 0.19114476 0.27525044 0.25193346 0.31354756
 0.0990346  0.2892709  0.31802544 0.17796487 0.14646334 0.32378516
 0.10305646 0.28190569 0.26790469 0.32131143 0.09872514 0.27585914
 0.26682987 0.32726199 0.14194497 0.18143819 0.33606534 0.17903782
 0.17877244 0.138313   0.31073802 0.10401765 0.27981543 0.17823553
 0.26873669 0.19129287 0.27915227 0.25446213 0.32686056 0.10140253
 0.27965171 0.32425237 0.11615036 0.10163691 0.10885864 0.07772754
 0.17690988 0.33439198 0.14267773 0.17908401 0.27457296 0.20623605
 0.12213787 0.18363325 0.11572887 0.06643171 0.17772535 0.2817711
 0.27787644 0.26368249 0.19267222 0.28308176 0.27009055 0.26448021
 0.28396234 0.33510081 0.14644419 0.19256503 0.29495604 0.18907536
 0.18381638 0.12859952 0.10065865 0.2824651  0.27791164 0.26957227
 0.27746537 0.27862639 0.32518118 0.13848672 0.27453742 0.26571551
 0.27181344 0.33055004 0.1082434  0.07697796 0.26049651 0.19522563
 0.28440784 0.25396115 0.26682142 0.18525681 0.26162025 0.32715082
 0.17581709 0.13989401 0.17506283 0.3370481  0.17345699 0.10015719
 0.26699653 0.26256726 0.2020258  0.26868447 0.28340348 0.17514517
 0.17662772 0.18271995 0.27912441 0.32899711 0.10435786 0.28532269
 0.32788986 0.14081485 0.1874157  0.25966007 0.26210069 0.32191147
 0.13614714 0.26915528 0.20392252 0.16145633 0.27600045 0.18084191
 0.2839351  0.27643531 0.31873722 0.13517383 0.26538312 0.26296489
 0.31269064 0.17794063 0.1418341  0.31193408 0.14279928 0.26022958
 0.26986106 0.20425    0.10195459 0.1048874  0.26187694 0.32497716
 0.1041656  0.3327269  0.14105715 0.2783371  0.27044513 0.26599131
 0.19323211 0.16495908 0.0873105  0.26370153 0.27059766 0.18091854
 0.27886064 0.3194123  0.18498938 0.18226476 0.13944053 0.19493989
 0.03317551 0.18297794 0.1744893  0.28568452 0.2694313  0.31586571
 0.1826083  0.10765134 0.16915311 0.16965209 0.33985284 0.14274931
 0.19352641 0.04085051 0.11883837 0.13863892 0.18501093 0.27076367
 0.33097436 0.10610801 0.34603681 0.18160953 0.10472012 0.26293451
 0.26329508 0.31303443 0.14322707 0.18978314 0.03338047 0.27643317
 0.31661474 0.14035186]
Z0_sent_norm: 46
Z0_sent_dec: 3
Z1_sent_norm: 49
Z1_sent_dec: 3
XP_sent_norm: 92
XP_sent_dec: 7
execution_time_run: 12.960245609283447
time_simulating_signal: 8.241760492324829
time_eam: 8.557986736297607
