function_used: run_simulation_detection_tester
n_samples: 20000
seed: 946857
non_signal_voltage: -1.1
voltage_decoy: -0.17850015461444851
voltage: -0.1
voltage_decoy_sup: -0.4175719827413558
voltage_sup: -0.3769288271665573
p_indep_x_states_non_dec: None
p_indep_x_states_dec: None
p_vacuum_z: 0.8665070171530408
len_vacuum_indices_x_long: 19311
len_Z_checked_dec: 563
len_Z_checked_non_dec: 1595
XP_calc_non_dec: 0.0
XP_calc_dec: 0.0
gain_Z_non_dec: 0.12557077625570776
gain_Z_dec: 0.10715645222687477
gain_X_non_dec: 0.0
gain_X_dec: 0.0
wrong_detections_z_dec: [  14   15   16   18   19   21   22   28   30   31   36   37   43   52
   53   55   56   58   61   63   64   66   68   69   72   75   78   79
   80   82   86   88   90   91   96  101  102  107  114  116  120  122
  123  134  138  139  145  147  149  150  153  155  163  166  167  170
  175  177  180  183  188  191  192  196  197  200  201  203  205  206
  207  216  218  220  223  227  234  236  239  240  242  243  247  248
  249  252  254  260  262  263  264  266  269  273  275  276  277  278
  289  293  294  298  300  301  312  313  315  319  321  325  326  327
  331  333  334  336  338  343  347  348  349  350  354  360  364  367
  368  369  371  374  378  379  388  393  394  395  402  403  412  414
  415  417  418  423  424  425  429  430  431  440  447  452  455  458
  459  464  480  484  486  488  489  490  494  495  496  511  514  518
  520  521  522  523  524  530  533  538  539  543  545  554  555  556
  558  561  564  567  569  573  574  578  585  587  590  596  597  600
  606  607  615  618  619  633  634  638  641  648  650  652  654  656
  659  661  663  667  671  676  682  684  686  688  691  696  701  702
  707  712  717  718  719  727  730  731  733  736  740  741  743  744
  746  750  753  754  756  758  759  763  764  766  769  775  776  777
  778  781  784  791  793  797  799  801  803  805  806  811  817  827
  829  832  835  840  844  851  856  858  863  867  868  869  871  873
  879  887  890  900  901  904  905  906  912  920  925  927  928  930
  935  939  940  944  945  947  948  951  953  959  960  961  964  965
  967  982  985  990  999 1001 1002 1004 1007 1011 1012 1013 1015 1019
 1020 1024 1025 1026 1033 1034 1038 1039 1040 1044 1047 1050 1052 1053
 1060 1063 1064 1065 1069 1070 1080 1096 1098 1102 1103 1105 1107 1108
 1111 1113 1115 1118 1119 1120 1128 1131 1133 1143 1144 1145 1146 1147
 1148 1152 1154 1158 1160 1164 1174 1177 1187 1189 1191 1193 1202 1215
 1217 1218 1222 1225 1229 1242 1244 1247 1250 1251 1256 1257 1266 1271
 1272 1275 1284 1289 1301 1304 1313 1319 1321 1325 1326 1332 1333 1334
 1335 1336 1337 1344 1346 1348 1351 1353 1362 1363 1368 1376 1381 1385
 1393 1394 1398 1399 1403 1406 1408 1411 1412 1422 1424 1428 1433 1434
 1440 1441 1442 1447 1450 1451 1453 1456 1460 1465 1475 1479 1485 1486
 1488 1489 1491 1493 1499 1501 1502 1505 1506 1509 1511 1515 1523 1530
 1533 1535 1538 1539 1547 1550 1551 1553 1554 1556 1559 1560 1563 1564
 1573 1578 1584 1586 1589 1593 1598 1600 1603 1611 1615 1617 1618 1623
 1631 1637 1644 1648 1665 1666 1676 1678 1688 1698 1700 1708 1709 1710
 1711 1716 1717 1719 1721 1725 1726 1729 1730 1739 1749 1750 1752 1754
 1757 1768 1772 1775 1780 1781 1784 1786 1792 1800 1814 1815 1817 1818
 1819 1822 1823 1825 1830 1834 1838 1840 1842 1844 1846 1847 1848 1852
 1854 1855 1856 1858 1863 1875 1878 1881 1882 1883 1884 1886 1890 1893
 1896 1903 1904 1910 1911 1915 1917 1918 1923 1924 1929 1931 1935 1939
 1943 1945 1947 1948 1950 1952 1953 1954 1959 1960 1963 1964 1967 1968
 1983 1990 1994 2005 2010 2016 2018 2025 2026 2028 2036 2040 2041 2046
 2048 2049 2050 2052 2054 2056 2057 2069 2070 2080 2081 2089 2092 2093
 2094 2096 2097 2098 2102 2103 2104 2108]
wrong_detections_z_non_dec: [   0    1    2 ... 2105 2106 2107]
wrong_detections_x_dec: []
wrong_detections_x_non_dec: []
len_wrong_z_dec: 624
len_wrong_z_non_dec: 1485
len_wrong_x_dec: 0
len_wrong_x_non_dec: 0
qber_z_dec: 1.108348134991119
qber_z_non_dec: 0.9310344827586207
qber_x_dec: -999
qber_x_non_dec: -999
raw_key_rate: 175418631.11689156
total_amount_detections: 2158.0
execution_time_run: 168.30156993865967
