function_used: run_simulation_detection_tester
n_samples: 10000
seed: 509001
non_signal_voltage: -1.1
voltage_decoy: -0.17850015461444851
voltage: -0.1
voltage_decoy_sup: -0.4175719827413558
voltage_sup: -0.3769288271665573
p_indep_x_states_non_dec: None
p_indep_x_states_dec: None
p_vacuum_z: 0.8638326137495849
len_vacuum_indices_x_long: 9675
len_Z_checked_dec: 305
len_Z_checked_non_dec: 791
XP_calc_non_dec: 4.444444444444445
XP_calc_dec: 0.0
gain_Z_non_dec: 0.12531685678073512
gain_Z_dec: 0.11209114296214627
gain_X_non_dec: 0.006693440428380187
gain_X_dec: 0.0
wrong_detections_z_dec: [   1    4    9   12   18   20   22   23   24   25   27   33   34   36
   42   44   45   47   54   56   59   60   67   71   75   76   77   82
   89   92   93   94   95  100  103  104  107  112  113  123  124  128
  129  132  138  139  140  141  143  147  155  156  157  158  159  162
  171  173  182  186  187  188  190  192  197  198  202  203  204  205
  207  216  218  221  222  223  227  229  235  236  238  239  248  250
  257  258  259  266  267  270  271  277  283  288  291  295  299  300
  301  305  306  312  315  317  322  323  324  326  327  332  336  342
  343  345  348  350  360  365  367  368  371  372  374  375  376  378
  381  385  389  390  391  396  397  400  409  410  412  413  417  419
  424  433  436  439  453  456  461  464  466  468  472  474  476  481
  484  487  488  491  492  493  497  498  499  502  515  520  522  528
  531  533  536  542  544  545  551  553  554  561  566  567  571  578
  582  587  590  591  592  595  598  605  606  607  611  613  614  620
  622  623  633  636  644  647  648  649  650  653  654  655  660  661
  665  669  671  676  678  682  692  696  699  700  702  705  710  711
  717  721  731  733  741  743  745  750  761  762  766  767  773  774
  776  777  782  785  787  791  792  796  801  806  809  815  820  823
  830  836  838  841  851  852  854  858  859  863  865  866  868  872
  874  875  876  879  881  882  891  894  897  907  909  924  928  929
  934  935  938  939  945  947  948  949  957  962  964  966  969  973
  975  977  978  983  984  989  990  998 1001 1002 1004 1006 1007 1011
 1021 1022 1023 1024 1035 1038 1039 1040 1041 1043 1048 1050 1051 1053]
wrong_detections_z_non_dec: [   0    2    3    5    6    7    8   10   11   13   14   15   16   17
   19   21   26   28   29   30   31   32   35   37   38   39   40   41
   43   46   48   49   50   51   52   53   55   57   58   61   62   63
   64   65   66   68   69   70   72   73   74   78   79   80   81   83
   84   85   86   87   88   90   91   96   97   98   99  101  102  105
  106  108  109  110  111  114  115  116  117  118  119  120  121  122
  125  126  127  130  131  133  134  135  136  137  142  144  145  146
  148  149  150  151  152  153  154  160  161  163  164  165  166  167
  168  169  170  172  174  175  176  177  178  179  180  181  183  184
  185  189  191  193  194  195  196  199  200  201  206  208  209  210
  211  212  213  214  215  217  219  220  224  225  226  228  230  231
  232  233  234  237  240  241  242  243  244  245  246  247  249  251
  252  253  254  255  256  260  261  262  263  264  265  268  269  272
  273  274  275  276  278  279  280  281  282  284  285  286  287  289
  290  292  293  294  296  297  298  302  303  304  307  308  309  310
  311  313  314  316  318  319  320  321  325  328  329  330  331  333
  334  335  337  338  339  340  341  344  346  347  349  351  352  353
  354  355  356  357  358  359  361  362  363  364  366  369  370  373
  377  379  380  382  383  384  386  387  388  392  393  394  395  398
  399  401  402  403  404  405  406  407  408  411  414  415  416  418
  420  421  422  423  425  426  427  428  429  430  431  432  434  435
  437  438  440  441  442  443  444  445  446  447  448  449  450  451
  452  454  455  457  458  459  460  462  463  465  467  469  470  471
  473  475  477  478  479  480  482  483  485  486  489  490  494  495
  496  500  501  503  504  505  506  507  508  509  510  511  512  513
  514  516  517  518  519  521  523  524  525  526  527  529  530  532
  534  535  537  538  539  540  541  543  546  547  548  549  550  552
  555  556  557  558  559  560  562  563  564  565  568  569  570  572
  573  574  575  576  577  579  580  581  583  584  585  586  588  589
  593  594  596  597  599  600  601  602  603  604  608  609  610  612
  615  616  617  618  619  621  624  625  626  627  628  629  630  631
  632  634  635  637  638  639  640  641  642  643  645  646  651  652
  656  657  658  659  662  663  664  666  667  668  670  672  673  674
  675  677  679  680  681  683  684  685  686  687  688  689  690  691
  693  694  695  697  698  701  703  704  706  707  708  709  712  713
  714  715  716  718  719  720  722  723  724  725  726  727  728  729
  730  732  734  735  736  737  738  739  740  742  744  746  747  748
  749  751  752  753  754  755  756  757  758  759  760  763  764  765
  768  769  770  771  772  775  778  779  780  781  783  784  786  788
  789  790  793  794  795  797  798  799  800  802  803  804  805  807
  808  810  811  812  813  814  816  817  818  819  821  822  824  825
  826  827  828  829  831  832  833  834  835  837  839  840  842  843
  844  845  846  847  848  849  850  853  855  856  857  860  861  862
  864  867  869  870  871  873  877  878  880  883  884  885  886  887
  888  889  890  892  893  895  896  898  899  900  901  902  903  904
  905  906  908  910  911  912  913  914  915  916  917  918  919  920
  921  922  923  925  926  927  930  931  932  933  936  937  940  941
  942  943  944  946  950  951  952  953  954  955  956  958  959  960
  961  963  965  967  968  970  971  972  974  976  979  980  981  982
  985  986  987  988  991  992  993  994  995  996  997  999 1000 1003
 1005 1008 1009 1010 1012 1013 1014 1015 1016 1017 1018 1019 1020 1025
 1026 1027 1028 1029 1030 1031 1032 1033 1034 1036 1037 1042 1044 1045
 1046 1047 1049 1052 1054 1055 1056 1057]
wrong_detections_x_dec: []
wrong_detections_x_non_dec: []
len_wrong_z_dec: 322
len_wrong_z_non_dec: 736
len_wrong_x_dec: 0
len_wrong_x_non_dec: 0
qber_z_dec: 1.0557377049180328
qber_z_non_dec: 0.9304677623261695
qber_x_dec: -999
qber_x_non_dec: 0.0
raw_key_rate: 178904965.76889032
total_amount_detections: 1100.4444444444443
execution_time_run: 85.62721014022827
