function_used: hist_x
n_samples: None
seed: None
non_signal_voltage: None
voltage_decoy: None
voltage: None
voltage_decoy_sup: None
voltage_sup: None
p_indep_x_states_non_dec: None
p_indep_x_states_dec: None
hist_x: [ 0  0  0  0  0  0  1  2  0  0  0  0  0  0  0  0  0  0  0  0  2  1  1  2
  1  0  1  0  0  0  0  0  0  0  0  0  2  1  1  2  0  0  0  0  0  0  0  0
  0  0  1  2  7  2  0  1  0  0  0  0  0  0  0  0  0  1  0  0  0  0  1  0
  0  0  0  0  0  0  0  2  1  3  2  4  3  4  0  0  0  0  0  0  0  0  0  0
  0  0  1  2  0  0  0  0  0  0  0  0  0  0  3  7  5  9  4  3  2  0  0  0
  0  0  0  0  0  1  2  1  0  2  1  0  0  0  0  0  0  0  0  0  0  0  0  0
  0  0  0  0  0  0  0  0  0  0  0  0  1  1  0  0  0  0  0  0  0  0  0  0
  0  0  2  2  6  3  3  0  1  0  0  0  0  0  0  0  0  0  0  0  0  0  0  0
  0  0  0  0  0  0  0  0  0  0  0  0  0  0  0  0  0  0  0  0  0  0  0  0
  0  0  0  0  0  0  0  0  0  0  0  0  0  0  0  0  0  0  0  0  0  0  0  0
  0  0  0  0  0  0  0  0  0  0  0  0  0  0  0  0  0  0  0  0  0  0  0  0
  0  0  0  0  0  0  0  0  0  0  0  0  0  0  0  0  0  0  0  0  0  0  0  0
  0  0  0  1  1  0  0  0  0  0  0  0  0  0  0  0  0  0  0  0  0  0  0  0
  0  0  0  0  0  0  0  0  0  0  0  0  0  0  0  0  0  0  0  0  0  0  1  2
  2  0  0  0  0  0  0  0  0  0  0  0  1  0  0  2  0  1  3  1  1  0  0  0
  0  0  0  0  1  1  1  2  2  0  1  0  0  0  0  0  0  0  1  0  4 12  3  4
  4  3  0  0  0  0  0  0  0  0  1  0  0  1  2  1  0  0  0  0  0  0  0  0
  0  0  0  0  0  0  0  0  0  0  0  0  0  0  0  0  1  2  3  0  1  0  0  0
  0  0  0  0  0  0  0  2  2  3  4  2  5  1  1  0  0  0  0  0  0  0  0  0
  0  0  0  0  0  0  0  0  0  0  0  0  0  0  0  0  0  0  0  0  0  0  0  0
  0  0  0  0  0  0  0  0  0  0  0  0  0  0  0  0  0  0  0  0  1  1  1  0
  1  0  0  0  0  0  0  0  0  0  0  0  0  0  0  1  0  0  0  0  0  0  0  0
  0  0  0  0  0  0  0  0  0  0  0  0  0  0  0  0  1  0  0  0  1  0  0  0
  0  0  0  0  0  0  0  0  0  1  0  1  0  1  0  0  0  0  0  0  0  0  0  0
  1  0  0  0  2  0  0  0  0  0  0  0  0  0  0  0  0  0  0  0  0  0  0  0
  0  0  0  0  1  0  1  1  0  1  1  0  0  0  0  0  0  0  0  0  0  0  0  0
  0  0  0  0  0  0  0  0  0  0  0  0  0  2  0  0  0  0  0  0  0  0  0  0
  0  0  0  0  0  0  0  0  0  0  0  0  0  0  0  0  0  0  0  0  0  0  0  0
  0  0  0  0  0  0  0  0  0  0  0  0  0  0  0  0  0  0  0  0  0  0  0  0
  1  2  0  0  0  0  0  0  0  0  0  0  0  0  0  0  0  0  0  0  0  0  0  0
  0  0  0  0  0  0  0  0  0  1  0  0  0  0  0  0  0  0  0  0  0  0  0  0
  0  0  0  0  0  0  0  0  0  0  0  1  0  1  0  0  0  0  0  0  0  0  0  0
  0  0  0  0  0  0  0  0  0  0  0  0  0  0  0  0  0  0  0  0  0  0  0  0
  0  0  0  0  0  0  0  0  0  0  0  0  0  0  0  0  0  0  0  0  0  0  0  0
  0  0  0  0  0  0  0  0  0  0  0  0  0  0  0  0  0  0  0  0  0  0  0  0
  0  0  0  0  0  0  0  0  0  0  0  0  0  0  0  0  0  0  0  0  0  0  0  0
  0  0  0  0  0  0  0  0  0  0  0  0  0  0  0  0  0  0  0  0  0  0  0  0
  0  0  0  0  0  0  0  0  0  0  0  0  0  0  0  0  0  0  0  0  0  0  0  0
  0  0  0  0  0  0  0  0  0  0  0  0  0  0  0  0  0  0  0  0  0  0  0  0
  0  0  0  0  0  0  0  0  0  0  0  0  0  0  0  0  0  0  0  0  0  0  0  0
  0  0  0  0  0  0  0  0  0  0  0  0  0  0  0  0  0  0  0  0  0  0  0  0
  0  0  0  0  0  0  0  0  0  0  0  0  0  0  0  0  0  0  0  0  0  0  0  0
  0  0  0  0  0  0  0  0  0  0  0  0  0  0  0  0  0  0  1  0  0  0  0  0
  0  0  0  0  0  0  0  0  0  0  0  0  0  0  0  0  0  0  0  0  0  0  0  0
  0  0  0  0  0  0  0  0  0  0  0  0  0  0  0  0  0  0  0  0  0  0  0  0
  0  0  0  0  0  0  0  0  0  0  0  0  0  0  0  0  0  0  0  0  0  1  0  0
  0  0  0  0  0  0]
hist_x_sum: 228
time_photons_det_x: [[4.30386055e-10]
 [4.59433460e-10]
 [4.77423910e-10]
 [4.25615536e-10]
 [4.17674498e-10]
 [4.53218720e-10]
 [1.38928685e-10]
 [1.37099204e-10]
 [5.00069723e-10]
 [5.15503979e-10]
 [5.42287647e-10]
 [1.81427093e-10]
 [4.81296021e-10]
 [4.33607163e-10]
 [8.47533910e-11]
 [4.82699204e-10]
 [4.92110761e-10]
 [5.41541834e-10]
 [4.31084464e-10]
 [4.59545017e-10]
 [5.27197612e-10]
 [4.92374498e-10]
 [4.76123910e-10]
 [4.48968131e-10]
 [5.38259758e-10]
 [4.76520311e-10]
 [1.79413945e-10]
 [4.56787647e-10]
 [1.89625502e-10]
 [1.05230277e-10]
 [4.37843426e-10]
 [3.89215536e-10]
 [4.66886055e-10]
 [4.38163356e-10]
 [1.24917128e-10]
 [4.44000796e-10]
 [4.13843426e-10]
 [4.82048616e-10]
 [2.24415536e-10]
 [4.81102388e-10]
 [5.27784464e-10]
 [3.92753391e-10]
 [5.00831869e-10]
 [4.07254983e-10]
 [4.69707163e-10]
 [4.53354983e-10]
 [4.67238651e-10]
 [4.99472907e-10]
 [4.50359758e-10]
 [9.99139446e-11]
 [1.45612353e-10]
 [4.13586055e-10]
 [4.45503979e-10]
 [1.63023910e-10]
 [1.54710761e-10]
 [4.37854983e-10]
 [4.66425502e-10]
 [4.92443426e-10]
 [5.00664533e-10]
 [5.18287647e-10]
 [1.14782872e-10]
 [1.90831869e-10]
 [2.17246609e-10]
 [1.49603979e-10]
 [1.30558166e-10]
 [4.52187647e-10]
 [4.49633460e-10]
 [1.23284464e-10]
 [4.92799204e-10]
 [1.51387647e-10]
 [1.20240242e-10]
 [1.68868131e-10]
 [1.26200796e-10]
 [1.92454983e-10]
 [4.93943426e-10]
 [4.50107578e-10]
 [4.90441834e-10]
 [1.14487647e-10]
 [4.46474498e-10]
 [4.41959758e-10]
 [4.86445017e-10]
 [4.84691246e-10]
 [4.93754983e-10]
 [4.38600796e-10]
 [4.45409170e-10]
 [4.78923910e-10]
 [4.54430277e-10]
 [5.19492422e-10]
 [5.01740242e-10]
 [4.71684464e-10]
 [4.31997612e-10]
 [4.38009170e-10]
 [4.55117128e-10]
 [4.66979273e-10]
 [1.47082872e-10]
 [4.99456574e-10]
 [4.22245017e-10]
 [1.72068131e-10]
 [4.62878097e-10]
 [2.09535052e-10]
 [1.92933460e-10]
 [4.23941834e-10]
 [4.26282872e-10]
 [4.73527093e-10]
 [4.69856574e-10]
 [1.95981280e-10]
 [1.30559758e-10]
 [5.23158166e-10]
 [4.32535467e-10]
 [1.23728685e-10]
 [9.47729066e-11]
 [4.83628685e-10]
 [5.13299204e-10]
 [1.45437059e-10]]
index_where_photons_det_x: [  161   259   344   556   785   897   944  1384  2058  2067  2327  2340
  2351  2378  2622  3073  3382  3436  3806  3881  4507  4638  4720  4782
  4815  4862  5019  5032  5214  5306  5551  5644  5829  5875  6026  6253
  6261  6578  6670  6695  7056  7289  7356  7580  7668  7685  7786  7864
  7937  8162  8417  8618  8956  9204  9377  9404  9534  9637  9788  9818
  9951 10198 10334 10670 10786 10871 10910 10997 11045 11321 11355 11441
 11927 11942 12506 12544 12595 12642 12781 13171 13363 13397 13448 13857
 14196 14360 14443 14942 15013 15118 15154 15603 15627 15709 15889 16035
 16210 16224 16518 16853 17149 17386 17592 18076 18161 18200 18293 18377
 19267 19277 19591 19849 19885 19977]
