function_used: run_simulation_detection_tester
n_samples: 10000
seed: 284824
non_signal_voltage: -1.1
voltage_decoy: -0.17850015461444851
voltage: -0.1
voltage_decoy_sup: -0.4175719827413558
voltage_sup: -0.3769288271665573
p_indep_x_states_non_dec: None
p_indep_x_states_dec: None
p_vacuum_z: 0.8655555555555555
len_vacuum_indices_x_long: 9688
len_Z_checked_dec: 288
len_Z_checked_non_dec: 822
XP_calc_non_dec: 4.444444444444445
XP_calc_dec: 0.0
gain_Z_non_dec: 0.12963255007096672
gain_Z_dec: 0.10831139526137645
gain_X_non_dec: 0.006224712107065048
gain_X_dec: 0.0
wrong_detections_z_dec: [   2    7   10   12   14   15   17   25   30   33   40   42   43   46
   47   48   51   57   60   61   62   69   70   73   74   75   78   79
   81   83   86   87   89   92   93   94   95   97  101  102  109  115
  116  119  121  122  125  127  128  129  131  137  139  141  144  145
  147  149  155  165  166  168  176  181  185  188  192  195  197  198
  199  201  202  204  208  210  211  215  216  221  222  223  224  227
  230  240  242  249  251  257  259  267  268  270  271  273  274  277
  288  290  294  301  303  306  308  313  315  319  332  334  335  343
  345  348  351  353  354  358  360  363  367  369  372  374  376  381
  384  390  391  395  401  403  405  406  407  409  413  416  417  423
  425  430  432  437  438  439  441  449  451  454  466  475  476  480
  482  483  485  488  489  498  502  515  516  522  525  526  527  536
  537  538  539  543  547  554  555  562  565  571  577  580  584  585
  589  595  599  604  608  609  617  624  627  628  647  652  656  658
  662  664  668  670  672  673  677  681  693  696  701  705  711  712
  717  719  723  728  729  730  736  745  746  753  757  759  760  769
  773  775  779  780  784  787  788  791  793  794  797  798  800  801
  805  813  815  819  822  825  826  828  830  831  833  834  837  839
  843  845  851  855  857  860  862  864  867  868  870  873  885  886
  889  895  898  902  903  910  916  919  922  926  935  937  943  944
  945  947  951  958  960  975  977  978  982  992 1000 1001 1003 1005
 1012 1017 1029 1034 1038 1040 1047 1049 1050 1053 1058 1059 1067 1070
 1078]
wrong_detections_z_non_dec: [   0    1    3    4    5    6    8    9   11   13   16   18   19   20
   21   22   23   24   26   27   28   29   31   32   34   35   36   37
   38   39   41   44   45   49   50   52   53   54   55   56   58   59
   63   64   65   66   67   68   71   72   76   77   80   82   84   85
   88   90   91   96   98   99  100  103  104  105  106  107  108  110
  111  112  113  114  117  118  120  123  124  126  130  132  133  134
  135  136  138  140  142  143  146  148  150  151  152  153  154  156
  157  158  159  160  161  162  163  164  167  169  170  171  172  173
  174  175  177  178  179  180  182  183  184  186  187  189  190  191
  193  194  196  200  203  205  206  207  209  212  213  214  217  218
  219  220  225  226  228  229  231  232  233  234  235  236  237  238
  239  241  243  244  245  246  247  248  250  252  253  254  255  256
  258  260  261  262  263  264  265  266  269  272  275  276  278  279
  280  281  282  283  284  285  286  287  289  291  292  293  295  296
  297  298  299  300  302  304  305  307  309  310  311  312  314  316
  317  318  320  321  322  323  324  325  326  327  328  329  330  331
  333  336  337  338  339  340  341  342  344  346  347  349  350  352
  355  356  357  359  361  362  364  365  366  368  370  371  373  375
  377  378  379  380  382  383  385  386  387  388  389  392  393  394
  396  397  398  399  400  402  404  408  410  411  412  414  415  418
  419  420  421  422  424  426  427  428  429  431  433  434  435  436
  440  442  443  444  445  446  447  448  450  452  453  455  456  457
  458  459  460  461  462  463  464  465  467  468  469  470  471  472
  473  474  477  478  479  481  484  486  487  490  491  492  493  494
  495  496  497  499  500  501  503  504  505  506  507  508  509  510
  511  512  513  514  517  518  519  520  521  523  524  528  529  530
  531  532  533  534  535  540  541  542  544  545  546  548  549  550
  551  552  553  556  557  558  559  560  561  563  564  566  567  568
  569  570  572  573  574  575  576  578  579  581  582  583  586  587
  588  590  591  592  593  594  596  597  598  600  601  602  603  605
  606  607  610  611  612  613  614  615  616  618  619  620  621  622
  623  625  626  629  630  631  632  633  634  635  636  637  638  639
  640  641  642  643  644  645  646  648  649  650  651  653  654  655
  657  659  660  661  663  665  666  667  669  671  674  675  676  678
  679  680  682  683  684  685  686  687  688  689  690  691  692  694
  695  697  698  699  700  702  703  704  706  707  708  709  710  713
  714  715  716  718  720  721  722  724  725  726  727  731  732  733
  734  735  737  738  739  740  741  742  743  744  747  748  749  750
  751  752  754  755  756  758  761  762  763  764  765  766  767  768
  770  771  772  774  776  777  778  781  782  783  785  786  789  790
  792  795  796  799  802  803  804  806  807  808  809  810  811  812
  814  816  817  818  820  821  823  824  827  829  832  835  836  838
  840  841  842  844  846  847  848  849  850  852  853  854  856  858
  859  861  863  865  866  869  871  872  874  875  876  877  878  879
  880  881  882  883  884  887  888  890  891  892  893  894  896  897
  899  900  901  904  905  906  907  908  909  911  912  913  914  915
  917  918  920  921  923  924  925  927  928  929  930  931  932  933
  934  936  938  939  940  941  942  946  948  949  950  952  953  954
  955  956  957  959  961  962  963  964  965  966  967  968  969  970
  971  972  973  974  976  979  980  981  983  984  985  986  987  988
  989  990  991  993  994  995  996  997  998  999 1002 1004 1006 1007
 1008 1009 1010 1011 1013 1014 1015 1016 1018 1019 1020 1021 1022 1023
 1024 1025 1026 1027 1028 1030 1031 1032 1033 1035 1036 1037 1039 1041
 1042 1043 1044 1045 1046 1048 1051 1052 1054 1055 1056 1057 1060 1061
 1062 1063 1064 1065 1066 1068 1069 1071 1072 1073 1074 1075 1076 1077
 1079 1080 1081]
wrong_detections_x_dec: []
wrong_detections_x_non_dec: []
len_wrong_z_dec: 309
len_wrong_z_non_dec: 773
len_wrong_x_dec: 0
len_wrong_x_non_dec: 0
qber_z_dec: 1.0729166666666667
qber_z_non_dec: 0.940389294403893
qber_x_dec: -999
qber_x_non_dec: 0.0
raw_key_rate: 181181018.4432522
total_amount_detections: 1114.4444444444443
execution_time_run: 136.2517602443695
