function_used: hist_z
n_samples: None
seed: None
non_signal_voltage: None
voltage_decoy: None
voltage: None
voltage_decoy_sup: None
voltage_sup: None
p_indep_x_states_non_dec: None
p_indep_x_states_dec: None
hist_z: [0 0 0 0 0 0 0 0 0 0 0 0 0 0 0 0 0 0 0 0 0 0 0 0 0 0 0 0 0 0 0 0 0 0 0 0 0
 0 0 0 0 0 0 0 0 0 0 0 0 0 0 0 0 0 0 0 0 0 0 0 0 0 0 0 0 0 0 0 0 0 0 0 0 0
 0 0 0 0 0 0 0 0 0 0 0 0 1 0 0 0 0 0 0 2 0 0 2 0 0 0 0 0 0 0 0 0 0 0 0 0 0
 0 0 0 0 0 0 0 0 0 0 0 0 0 0 0 0 0 0 0 0 0 0 0 0 0 0 0 0 0 0 0 0 0 0 0 0 0
 0 0 0 0 0 0 0 0 0 0 0 0 0 0 0 0 0 0 0 0 0 0 0 0 0 0 0 0 0 0 0 0 0 0 0 0 0
 0 0 0 0 0 0 0 0 0 0 0 0 0 0 0 0 0 0 0 0 0 0 0 0 0 0 0 0 0 0 0 0 0 0 0 0 0
 0 0 0 0 0 0 0 0 0 0 0 0 0 0 0 0 0 0 0 0 0 0 0 0 0 0 0 0 0 0 0 0 0 0 0 0 0
 0 0 0 0 0 0 0 0 0 0 0 0 0 0 0 0 0 0 0 0 0 0 0 0 0 0 0 0 0 0 0 0 0 0 0 0 0
 0 0 0 0 0 0 0 0 0 0 0 0 0 0 0 0 0 0 0 0 0 0 0 0 0 0 0 0 0 0 0 0 0 0 0 0 0
 0 0 0 0 0 0 0 0 0 0 0 0 0 0 0 0 0 0 0 0 0 0 0 0 0 0 0 0 0 0 0 0 0 0 0 0 0
 0 0 0 0 0 0 0 0 0 0 0 0 0 0 0 0 0 0 0 0 0 0 0 0 0 0 0 0 0 0 0 0 0 0 0 0 0
 0 0 0 0 0 0 0 0 0 0 0 0 0 0 0 0 0 0 0 0 0 0 0 0 0 0 0 0 0 0 0 0 0 0 0 0 0
 0 0 1 0 0 0 0 0 0 0 0 0 0 0 0 0 0 0 0 0 0 0 0 0 0 0 0 0 0 0 0 0 0 0 0 0 0
 0 0 0 0 0 0 0 0 0 0 0 0 0 0 0 0 0 0 0 0 0 0 0 0 0 0 0 0 0 0 0 0 0 0 0 0 0
 0 0 0 0 0 0 0 0 0 0 0 0 0 0 0 0 0 0 0 0 0 0 0 0 0 0 0 0 0 0 0 0 0 0 0 0 0
 0 0 0 0 0 0 0 0 0 0 0 0 0 0 0 0 0 0 0 0 0 0 0 0 0 0 0 0 0 0 0 0 0 0 0 0 0
 0 0 0 0 0 0 0 0 0 0 0 0 0 0 0 0 0 0 0 0 0 0 0 0 0 0 0 0 0 0 0 0 0 0 0 0 0
 0 0 0 0 0 0 0 0 0 0 0 0 0 0 0 0 0 0 0 0 0 0 0 0 0 0 0 0 0 0 0 0 0 0 0 0 0
 0 0 0 0 0 0 0 0 0 0 0 0 0 0 0 0 0 0 0 0 0 0 0 0 0 0 0 0 0 0 0 0 0 0 0 0 0
 0 0 0 0 0 0 0 0 0 0 0 0 0 0 0 0 0 0 0 0 0 0 0 0 0 0 0 0 0 0 0 0 0 0 0 0 0
 0 0 0 0 0 0 0 0 0 0 0 0 0 0 0 0 0 0 0 0 0 0 0 0 0 0 0 0 0 0 0 0 0 0 0 0 0
 0 0 0 0 0 0 0 0 0 0 0 0 0 0 0 0 0 0 0 0 0 0 0 0 0 0 0 0 0 0 0 0 0 0 0 0 0
 0 0 0 0 0 0 0 0 0 0 0 0 0 0 0 0 0 0 0 0 0 0 0 0 0 0 0 0 0 0 0 0 0 0 0 0 0
 0 0 0 0 0 0 0 0 0 0 0 0 0 0 0 0 0 0 0 0 0 0 0 0 0 0 0 0 0 0 0 0 0 0 0 0 0
 0 0 0 0 0 0 0 0 0 0 0 0 0 0 0 0 0 0 0 0 0 0 0 0 0 0 0 0 0 0 0 0 0 0 0 0 0
 0 0 0 0 0 0 0 0 0 0 0 0 0 0 0 0 0 0 0 0 0 0 0 0 0 0 0 0 0 0 0 0 0 0 0 0 0
 0 0 0 0 0 0 0 0 0 0 0 0 0 0 0 0 0 0 0 0 0 0 0 0 0 0 0 0 0 0 0 0 0 0 0 0 0
 0 0 0 0 0 0 0 0 0 0 0 0 0 0 0 0 0 0 0 0 0 0 0 0 0 0 0 0 0 0 0 0 0 0 0 0 0
 0 0 0 0 0 0 0 0 0 0 0 0 0 0 0 0 0 0 0 0 0 0 0 0 0 0 0 0 0 0 0 0 0 0 0 0 0
 0 0 0 0 0 0 0 0 0 0 0 0 0 0 0 0 0 0 0 0 0 0 0 0 0 0 0 0 0 0 0 0 0 0 0 0 0]
time_photons_det_z: [[1.34965398e-10            nan]
 [6.88391003e-11            nan]
 [           nan 5.36071280e-10]
 [1.37813149e-10            nan]
 [8.95598615e-11            nan]
 [5.19760900e-10            nan]
 [4.59486505e-10            nan]
 [4.44986505e-10            nan]
 [1.55055363e-10            nan]
 [4.68807612e-10            nan]
 [1.51655017e-10            nan]
 [4.99966090e-10            nan]
 [1.58418339e-10            nan]
 [1.86176471e-10            nan]
 [1.23644637e-10            nan]
 [1.75097232e-10            nan]
 [3.63544291e-10            nan]
 [2.56618339e-10            nan]
 [4.32113149e-10            nan]
 [5.44297578e-10            nan]
 [1.17255017e-10            nan]
 [4.98002768e-10            nan]
 [4.83144637e-10            nan]
 [2.94757785e-11            nan]
 [4.57582007e-10            nan]
 [1.26233910e-10            nan]
 [3.18354671e-10            nan]
 [5.37313495e-10            nan]
 [4.84308305e-10            nan]
 [4.16991349e-10            nan]
 [5.01502768e-10            nan]
 [5.46183391e-11            nan]
 [1.21486851e-10            nan]
 [1.30655017e-10            nan]
 [1.33302768e-10            nan]
 [4.38923529e-10            nan]
 [4.53750173e-10            nan]
 [1.33649827e-10            nan]
 [           nan 4.62302422e-10]
 [1.97212803e-10            nan]
 [4.53302768e-10            nan]
 [2.24923529e-10            nan]
 [4.99960554e-10            nan]
 [1.13428374e-10            nan]
 [2.01371626e-10            nan]
 [3.03822837e-10            nan]
 [4.41013149e-10 2.90160554e-10]
 [5.04092042e-10            nan]
 [6.39442906e-11            nan]
 [1.45250173e-10            nan]
 [4.76434256e-10            nan]
 [4.01055017e-10            nan]]
index_where_photons_det_z: [  3   9  14  58  82  92  98 131 144 151 300 304 337 363 372 379 410 411
 445 452 495 508 521 564 572 573 596 650 680 695 730 732 765 783 801 817
 841 856 857 859 872 882 884 903 915 923 925 929 933 936 955 956]
