function_used: sift_vac_x
n_samples: 5000
seed: 766912
non_signal_voltage: -1.2
voltage_decoy: -0.745242926478386
voltage: -0.2
voltage_decoy_sup: -0.8355372935533523
voltage_sup: -0.4324394613504409
p_indep_x_states_non_dec: None
p_indep_x_states_dec: None
get_original_indexing_x: [   9   36  113  234  537  842  990 1043 1596 1797 1835 2046 2166 2174
 2223 2256 2486 2507 2643 2717 2832 3144 3359 3528 3585 3686 3710 3750
 3786 3834 4007 4220 4229 4269 4442 4586 4635]
detected_indices_x_det_x_basis: [[0]
 [0]
 [1]
 [0]
 [1]
 [0]
 [0]]
index_where_photons_det_x: [   9   36  113  234  394  537  829  842  990 1043 1596 1729 1797 1835
 2046 2166 2174 2223 2256 2486 2503 2507 2643 2717 2832 3144 3359 3528
 3585 3619 3686 3710 3750 3786 3834 3838 4007 4132 4220 4229 4269 4442
 4586 4635]
detected_indices_x: (44, 1)
