function_used: hist_z
n_samples: None
seed: None
non_signal_voltage: None
voltage_decoy: None
voltage: None
voltage_decoy_sup: None
voltage_sup: None
p_indep_x_states_non_dec: None
p_indep_x_states_dec: None
hist_z: [  0   0   0   0   0   0   0   0   0   0   0   0   0   0   0   0   0   0
   0   0   0   0   0   0   0   0   0   0   0   0   0   0   0   0   0   0
   0   0   0   0   0   0   0   0   0   0   0   0   0   0   0   0   0   0
   0   0   0   0   0   0   1   5   2   3   1   1   1   0   2   1   0   1
   2   4   3   2   0   3  19  53  93 123 150 137  82  46  11   3   0   0
   4   0   6  23 126 199 252 288 275 187  80  27  12   0   4   8  13   0
   0  10   4   2   2   2   0   2   0   4   2   4   0   1   1   8  16  51
  56  75  63  49  17   4   8   2   3   4   2   1   5  19  43  56  84  64
  33  18  10   2   2   0   0   0   0   0   0   0   0   0   0   0   0   0
   0   0   0   0   0   0   0   0   0   0   0   0   0   0   0   0   0   0
   0   0   0   0   0   0   0   0   0   0   0   0   0   0   0   0   0   0
   0   0   0   0   0   0   0   0   0   0   0   0   0   0   0   0   0   0
   0   0   0   0   0   0   0   0   0   0   0   0   0   0   0   0   0   0
   0   0   0   0   0   0   0   0   0   0   0   0   0   0   0   0   0   0
   0   0   0   0   0   0   0   0   0   0   0   0   0   0   0   0   0   0
   0   0   0   0   0   0   0   0   0   0   0   0   0   0   0   0   0   0
   0   0   0   0   0   0   0   0   0   0   0   0   0   0   0   0   0   0
   0   0   0   0   0   0   0   0   0   0   0   0   0   0   0   0   0   0
   0   0   0   0   0   0   0   0   0   0   0   0   0   0   0   0   0   0
   0   0   0   0   0   0   0   0   0   0   0   0   0   0   0   0   0   0
   0   0   0   0   0   0   0   0   0   0   0   0   0   0   0   0   0   0
   0   0   0   0   0   0   0   0   0   0   0   0   0   1   1  10  16  49
  59  75  66  53  18   4   9   2   3   3   2   1   5  17  43  60  83  63
  35  16   9   3   2   0   1   4   2   2   1   2   1   0   2   1   0   1
   2   4   3   2   0   3  21  52  97 128 152 129  83  46  11   3   0   0
   0   0   0   0   0   0   0   0   0   0   0   0   0   0   0   0   0   0
   0   0   0   0   0   0   0   0   0   0   0   0   0   0   0   0   0   0
   0   0   0   0   0   0   0   0   0   0   0   0   0   0   0   0   0   0
   0   0   0   0   0   0   0   0   0   0   0   0   0   0   0   0   0   0
   0   0   0   0   0   0   0   0   0   0   0   0   0   0   0   0   0   0
   0   0   0   0   0   0   0   0   0   0   0   0   0   0   0   0   0   0
   0   0   0   0   0   0   0   0   0   0   0   0   0   0   0   0   0   0
   0   0   0   0   0   0   0   0   0   0   0   0   0   0   0   0   0   0
   0   0   0   0   0   0   0   0   0   0   0   0   0   0   0   0   0   0
   0   0   0   0   0   0   0   0   0   0   0   0   0   0   0   0   0   0
   0   0   0   0   0   0   0   0   0   0   0   0   0   0   0   0   0   0
   0   0   0   0   0   0   0   0   0   0   0   0   0   0   0   0   0   0
   0   0   0   0   0   0   0   0   0   0   0   0   0   0   0   0   0   0
   0   0   0   0   0   0   0   0   0   0   0   0   0   0   0   0   0   0
   0   0   0   0   0   0   0   0   0   0   0   0   0   0   0   0   0   0
   0   0   0   0   0   0   0   0   0   0   0   0   0   0   0   0   0   0
   0   0   0   0   0   0   0   0   0   0   0   0   0   0   0   0   0   0
   0   0   0   0   0   0   0   0   0   0   0   0   0   0   0   0   0   0
   0   0   0   0   0   0   0   0   0   0   0   0   0   0   0   0   0   0
   0   0   0   0   0   0   0   0   0   0   0   0   0   0   0   0   0   0
   0   0   0   0   0   0   0   0   0   0   0   0   0   0   0   0   0   0
   0   0   0   0   0   0   0   0   0   0   0   0   0   0   0   0   0   0
   0   0   0   0   0   0   0   0   0   0   0   0   0   0   0   0   0   0
   0   0   0   0   0   0   0   0   0   0   0   0   0   0   0   0   0   0
   0   0   0   0   0   0   0   0   0   0   0   0   0   0   0   0   0   0
   0   0   0   0   0   0   0   0   0   0   0   0   0   0   0   0   0   0
   0   0   0   0   0   0   0   0   0   0   0   0   0   0   0   0   0   0
   0   0   0   0   0   0   0   0   0   0   0   0   0   0   0   0   0   0
   0   0   0   0   0   0   0   0   0   0   0   0   0   0   0   0   0   0
   0   0   0   0   0   0   0   0   0   0   0   0   0   0   0   0   0   0
   0   0   0   0   0   0   0   0   0   0   0   0   0   0   0   0   0   0
   0   0   0   0   0   0   0   0   0   0   0   0   0   0   0   0   0   0
   0   0   0   0   0   0   0   0   0   0   0   0   0   0   0   0   0   0
   0   0   0   0   0   0   0   0   0   0   0   0   0   0   0   0   0   0
   0   0   0   0   0   0   0   0   0   0   0   0   0   0   0   0   0   0
   0   0   0   0   0   0   0   0   0   0   0   0   0   0   0   0   0   0
   0   0   0   0   0   0   0   0   0   0   0   0]
hist_z_sum: 4443
time_photons_det_z: [[4.92497612e-10            nan]
 [           nan 1.58389239e-10]
 [1.67076090e-10            nan]
 [4.54984464e-10            nan]
 [1.74225502e-10            nan]
 [5.10659758e-10            nan]
 [1.63513945e-10            nan]
 [4.26169723e-10            nan]
 [1.16217128e-10            nan]
 [4.05517128e-10            nan]
 [4.39025502e-10            nan]
 [1.59040242e-10            nan]
 [4.29923910e-10            nan]
 [1.54715536e-10            nan]
 [4.97238651e-10            nan]
 [3.35812353e-10            nan]
 [1.92666540e-10            nan]
 [4.47397612e-10            nan]
 [1.89133875e-10            nan]
 [4.14028685e-10            nan]
 [5.62496021e-10            nan]
 [1.36384464e-10            nan]
 [4.41290830e-10            nan]
 [4.53587647e-10            nan]
 [4.50303979e-10            nan]
 [4.71281280e-10            nan]
 [4.95725502e-10            nan]
 [5.01302388e-10            nan]
 [2.96289239e-10            nan]
 [4.31687647e-10            nan]
 [1.85748201e-10            nan]
 [4.75827093e-10            nan]
 [2.59671315e-10            nan]
 [9.95633564e-11            nan]
 [4.61417128e-10            nan]
 [4.33005571e-10            nan]
 [5.04976090e-10            nan]
 [1.41538651e-10            nan]
 [2.74502388e-10            nan]
 [2.26845017e-10            nan]
 [           nan 1.80413945e-10]
 [1.71043426e-10            nan]
 [1.51302388e-10            nan]
 [1.85400796e-10            nan]
 [1.29007163e-10            nan]
 [4.99531869e-10            nan]
 [4.42827093e-10            nan]
 [           nan 4.13413945e-10]
 [3.87337059e-10            nan]
 [2.28769723e-10            nan]
 [1.53753391e-10            nan]
 [2.13400796e-10            nan]
 [5.53638235e-10            nan]
 [2.98125502e-10            nan]
 [4.38100796e-10            nan]
 [4.37094429e-10            nan]
 [4.45343426e-10            nan]
 [3.94828685e-10            nan]
 [5.17943426e-10            nan]
 [1.55056574e-10            nan]
 [8.50617647e-11            nan]
 [1.25187647e-10            nan]
 [4.44859758e-10            nan]
 [1.69300796e-10            nan]
 [4.70384464e-10            nan]
 [2.13718720e-10            nan]
 [1.25918720e-10            nan]
 [2.65762941e-10            nan]
 [1.53046609e-10            nan]
 [1.44650208e-10            nan]
 [1.31217128e-10            nan]
 [4.75300796e-10            nan]
 [4.49861765e-10            nan]
 [4.53766540e-10            nan]
 [9.50828720e-11            nan]
 [1.27828685e-10            nan]
 [1.53154983e-10            nan]
 [5.10025502e-10            nan]
 [1.18787647e-10            nan]
 [6.00715536e-10            nan]
 [4.35617128e-10            nan]
 [           nan 4.00827093e-10]
 [4.27654983e-10            nan]
 [4.81527093e-10            nan]
 [4.67669723e-10            nan]
 [           nan 3.65976090e-10]
 [9.32191349e-11            nan]
 [1.65271315e-10            nan]
 [4.01371315e-10            nan]
 [1.70179273e-10            nan]
 [1.44158166e-10            nan]
 [4.75687647e-10            nan]
 [4.43089239e-10            nan]
 [9.53565744e-11            nan]
 [4.28805986e-10            nan]
 [1.68317128e-10            nan]
 [           nan 4.70528685e-10]
 [1.87559758e-10            nan]
 [1.23941834e-10            nan]
 [3.74831869e-10            nan]
 [5.19930277e-10            nan]
 [1.85668131e-10            nan]
 [1.48920311e-10            nan]
 [1.15000796e-10            nan]
 [4.47720311e-10            nan]
 [1.83458166e-10            nan]
 [1.93377682e-10            nan]
 [4.01158166e-10            nan]
 [           nan 1.51631869e-10]
 [2.45648201e-10            nan]
 [1.48759758e-10            nan]
 [4.88237059e-10            nan]
 [4.54027093e-10            nan]
 [1.57986055e-10            nan]
 [           nan 1.32246609e-10]
 [3.33351384e-10            nan]
 [1.82337059e-10            nan]
 [4.78864533e-10            nan]
 [4.97486055e-10            nan]
 [5.16753391e-10            nan]
 [4.42768131e-10            nan]
 [1.31956574e-10            nan]
 [           nan 1.67064948e-10]
 [           nan 1.46369723e-10]
 [1.59961349e-10            nan]
 [1.49805571e-10            nan]
 [4.75427093e-10            nan]
 [1.24656574e-10            nan]
 [5.12672907e-10            nan]
 [1.62482872e-10            nan]
 [1.25428685e-10            nan]
 [7.41517993e-11            nan]
 [3.00472907e-10            nan]
 [1.30962941e-10            nan]
 [2.48084464e-10            nan]
 [1.83972907e-10            nan]
 [1.58196021e-10            nan]
 [2.26253391e-10            nan]
 [4.87600796e-10            nan]
 [2.08694429e-10            nan]
 [1.70882872e-10            nan]
 [1.62858166e-10            nan]
 [4.87313945e-10            nan]
 [4.15381280e-10            nan]
 [4.50886055e-10            nan]
 [1.42384464e-10            nan]
 [1.90348201e-10            nan]
 [1.51253391e-10            nan]
 [1.32197612e-10            nan]
 [1.03090830e-10            nan]
 [2.17074498e-10            nan]
 [4.33805571e-10            nan]
 [1.13699204e-10            nan]
 [1.53969723e-10            nan]
 [1.67656574e-10            nan]
 [4.28523910e-10            nan]
 [4.31627093e-10            nan]
 [4.48610761e-10            nan]
 [4.29866540e-10            nan]
 [4.53509170e-10            nan]
 [1.47110761e-10            nan]
 [4.59746609e-10            nan]
 [2.39223910e-10            nan]
 [5.01586055e-10            nan]
 [4.61215536e-10            nan]
 [4.71096021e-10            nan]
 [1.61058166e-10            nan]
 [2.11538651e-10            nan]
 [1.37546609e-10            nan]
 [4.77627093e-10            nan]
 [1.15920727e-10            nan]
 [           nan 4.09156574e-10]
 [1.69456574e-10            nan]
 [5.09713945e-10            nan]
 [5.09331869e-10            nan]
 [5.08545017e-10            nan]
 [4.67827093e-10            nan]
 [1.88172907e-10            nan]
 [1.38340242e-10            nan]
 [           nan 1.94853391e-10]
 [4.25305571e-10            nan]
 [2.09372907e-10            nan]
 [1.36058166e-10            nan]
 [4.16315536e-10            nan]
 [4.74733460e-10            nan]
 [1.51710761e-10            nan]
 [2.19627093e-10            nan]
 [8.91286851e-11            nan]
 [2.75362941e-10            nan]
 [5.08437059e-10            nan]
 [1.78282872e-10            nan]
 [4.13976125e-11 5.48613945e-10]
 [5.22376090e-10            nan]
 [4.70674498e-10            nan]
 [1.32562941e-10            nan]
 [1.76553391e-10            nan]
 [5.06972907e-10            nan]
 [1.27164948e-10            nan]
 [1.10043426e-10            nan]
 [4.25796021e-10            nan]
 [4.98430277e-10            nan]
 [4.66432284e-10 1.10354983e-10]
 [1.49387647e-10            nan]
 [1.09903979e-10            nan]
 [5.13137059e-10            nan]
 [4.80748201e-10            nan]
 [1.48172907e-10            nan]
 [4.27707578e-10            nan]
 [1.03856574e-10            nan]
 [           nan 4.48582872e-10]
 [8.41565744e-11            nan]
 [4.12128685e-10            nan]
 [1.77109170e-10            nan]
 [1.89484464e-10            nan]
 [4.66382872e-10            nan]
 [5.00472907e-10            nan]
 [1.01410761e-10            nan]
 [4.07979689e-10            nan]
 [           nan 4.85736644e-10]
 [1.62656574e-10            nan]
 [1.94709170e-10            nan]
 [1.29978097e-10            nan]
 [1.68963356e-10            nan]
 [1.09831869e-10            nan]
 [4.77217128e-10            nan]
 [2.22130277e-10            nan]
 [2.59871315e-10            nan]
 [1.99123495e-10            nan]
 [1.89328685e-10            nan]
 [1.02856574e-10            nan]
 [5.24459758e-10            nan]
 [1.40584464e-10            nan]
 [4.71202388e-10            nan]
 [1.58871315e-10            nan]
 [1.86246609e-10            nan]
 [1.17354983e-10            nan]
 [1.48262941e-10            nan]
 [4.55699204e-10            nan]
 [4.16143426e-10            nan]
 [4.42556574e-10            nan]
 [6.68665398e-11            nan]
 [           nan 1.83079689e-10]
 [4.08390830e-10            nan]
 [1.75663356e-10            nan]
 [4.53654983e-10            nan]
 [           nan 1.68817128e-10]
 [1.46774498e-10            nan]
 [5.26471315e-10            nan]
 [1.49787647e-10            nan]
 [           nan 1.08874498e-10]
 [4.65633460e-10            nan]
 [1.69774498e-10            nan]
 [5.55376090e-10            nan]
 [1.34118720e-10            nan]
 [1.78282872e-10            nan]
 [1.57615536e-10            nan]
 [1.82909170e-10            nan]
 [           nan 1.77753391e-10]
 [           nan 4.03169723e-10]
 [1.12859758e-10            nan]
 [4.10054983e-10            nan]
 [1.63569723e-10            nan]
 [1.25341834e-10            nan]
 [4.36861349e-10            nan]
 [1.04812353e-10            nan]
 [1.45525502e-10            nan]
 [1.37315536e-10            nan]
 [1.66797612e-10            nan]
 [4.97499204e-10            nan]
 [4.41733460e-10            nan]
 [4.14700796e-10            nan]
 [4.15392422e-10            nan]
 [4.99758166e-10            nan]
 [4.73605571e-10            nan]
 [4.51307163e-10            nan]
 [4.92184464e-10            nan]
 [1.27325502e-10            nan]
 [1.05972907e-10            nan]
 [1.07789239e-10            nan]
 [1.28261349e-10            nan]
 [1.69699204e-10            nan]
 [1.24112353e-10            nan]
 [4.16956574e-10            nan]
 [1.37551799e-10            nan]
 [1.32296021e-10            nan]
 [1.06125502e-10            nan]
 [1.79630277e-10            nan]
 [3.72441834e-10            nan]
 [1.17749792e-10            nan]
 [1.12256574e-10            nan]
 [4.56103979e-10            nan]
 [1.71650208e-10            nan]
 [8.87565744e-11            nan]
 [1.12196021e-10            nan]
 [4.76658166e-10            nan]
 [4.60041834e-10            nan]
 [1.45005571e-10            nan]
 [1.33715536e-10            nan]
 [4.74148201e-10            nan]
 [           nan 5.22103979e-10]
 [1.37712353e-10            nan]
 [1.26425502e-10            nan]
 [4.18346609e-10            nan]
 [4.62202388e-10            nan]
 [4.60376090e-10            nan]
 [1.69686055e-10            nan]
 [1.75199204e-10            nan]
 [1.86589239e-10            nan]
 [4.92902388e-10            nan]
 [2.99302768e-11            nan]
 [6.14171280e-11            nan]
 [4.26079273e-10            nan]
 [4.93503979e-10            nan]
 [1.88284464e-10            nan]
 [4.46999204e-10            nan]
 [3.98853391e-10            nan]
 [4.40240242e-10            nan]
 [9.89270934e-11            nan]
 [1.52830277e-10            nan]
 [1.64046609e-10            nan]
 [1.81427093e-10            nan]
 [1.94953391e-10            nan]
 [1.64096021e-10            nan]
 [4.63158166e-10            nan]
 [4.26618720e-10            nan]
 [4.34731869e-10            nan]
 [4.91813945e-10            nan]
 [1.43569723e-10            nan]
 [2.31497612e-10            nan]
 [3.30484464e-10            nan]
 [1.84954983e-10            nan]
 [           nan 4.44886055e-10]
 [1.16715536e-10            nan]
 [1.63845017e-10            nan]
 [4.27854983e-10            nan]
 [1.22802388e-10            nan]
 [1.68594429e-10            nan]
 [           nan 1.87800796e-10]
 [5.09248201e-10            nan]
 [1.74894429e-10            nan]
 [1.76869723e-10            nan]
 [1.97646609e-10            nan]
 [1.10866540e-10            nan]
 [1.17315536e-10            nan]
 [4.17859758e-10            nan]
 [4.62846609e-10            nan]
 [1.49350208e-10            nan]
 [1.61318720e-10            nan]
 [1.51646609e-10            nan]
 [1.90676090e-10            nan]
 [1.61580865e-10            nan]
 [9.50581661e-11            nan]
 [2.01327093e-10            nan]
 [1.76202388e-10            nan]
 [4.93446609e-10            nan]
 [1.24127093e-10            nan]
 [1.49233460e-10            nan]
 [4.30689239e-10            nan]
 [1.11784464e-10            nan]
 [1.29168131e-10            nan]
 [4.51712353e-10            nan]
 [5.10303979e-10            nan]
 [2.99464533e-10            nan]
 [8.72828720e-11            nan]
 [1.89584464e-10            nan]
 [1.61187647e-10            nan]
 [1.48037059e-10            nan]
 [4.70130277e-10            nan]
 [4.96848201e-10            nan]
 [2.01354983e-10            nan]
 [5.11753391e-10            nan]
 [4.30879273e-10            nan]
 [1.41227093e-10            nan]
 [4.95245017e-10            nan]
 [1.91502388e-10            nan]
 [1.62700796e-10            nan]
 [1.18482872e-10            nan]
 [3.72086055e-10            nan]
 [4.62115536e-10            nan]
 [           nan 4.02094014e-10]
 [1.00463356e-10            nan]
 [1.16027093e-10            nan]
 [4.70645017e-10            nan]
 [3.93154983e-10            nan]
 [5.08382872e-10            nan]
 [4.83423910e-10            nan]
 [3.91953391e-10            nan]
 [1.35125502e-10            nan]
 [4.84766540e-10            nan]
 [4.36790830e-10            nan]
 [4.68364533e-10            nan]
 [1.18309170e-10            nan]
 [4.24803979e-10            nan]
 [4.04087647e-10            nan]
 [1.88568131e-10            nan]
 [4.51094429e-10            nan]
 [4.55987647e-10            nan]
 [1.40146609e-10            nan]
 [1.36896021e-10            nan]
 [1.84699204e-10            nan]
 [1.91500796e-10            nan]
 [1.71794429e-10            nan]
 [5.07350208e-10            nan]
 [1.66058166e-10            nan]
 [1.82497612e-10            nan]
 [1.77509170e-10            nan]
 [           nan 5.39531869e-10]
 [5.12945017e-10            nan]
 [2.50200796e-10            nan]
 [3.77769723e-10            nan]
 [1.36187647e-10            nan]
 [4.87359758e-10            nan]
 [4.38286055e-10            nan]
 [5.11613945e-10            nan]
 [1.47028685e-10            nan]
 [1.77218720e-10            nan]
 [1.21582872e-10            nan]
 [4.26913945e-10            nan]
 [4.86554983e-10            nan]
 [4.88877682e-10            nan]
 [5.37318720e-10            nan]
 [1.62072907e-10            nan]
 [1.70050208e-10            nan]
 [1.98384464e-10            nan]
 [4.79184464e-10            nan]
 [4.61930277e-10            nan]
 [1.85384464e-10            nan]
 [5.21848201e-10            nan]
 [1.63659758e-10            nan]
 [4.81202388e-10            nan]
 [4.18438651e-10            nan]
 [1.66318720e-10            nan]
 [1.79213945e-10            nan]
 [2.33854983e-10 1.25868131e-10]
 [4.56828685e-10            nan]
 [1.21103979e-10            nan]
 [4.92269723e-10            nan]
 [1.73827093e-10            nan]
 [1.81331869e-10            nan]
 [4.46971315e-10            nan]
 [4.74372907e-10            nan]
 [4.36474498e-10            nan]
 [4.68184464e-10            nan]
 [1.93548201e-10            nan]
 [           nan 1.59684464e-10]
 [4.31727093e-10            nan]
 [4.84810761e-10            nan]
 [1.89338651e-10            nan]
 [5.49537059e-10            nan]
 [1.31418720e-10            nan]
 [4.52643426e-10            nan]
 [4.04217128e-10            nan]
 [1.04281280e-10            nan]
 [4.64881280e-10            nan]
 [1.72115536e-10            nan]
 [4.80448201e-10            nan]
 [2.47313945e-10            nan]
 [4.88840242e-10            nan]
 [           nan 4.44612353e-10]
 [1.86628685e-10            nan]
 [4.36240242e-10            nan]
 [4.11800796e-10            nan]
 [5.37640242e-10            nan]
 [1.98835052e-10            nan]
 [1.66517128e-10            nan]
 [           nan 1.49140242e-10]
 [2.04423910e-10            nan]
 [1.71382872e-10            nan]
 [4.31633460e-10            nan]
 [1.25415536e-10            nan]
 [4.89782872e-10            nan]
 [7.78744983e-11            nan]
 [1.10594429e-10            nan]
 [8.64844637e-11            nan]
 [           nan 1.10297612e-10]
 [4.36630277e-10            nan]
 [1.32315536e-10            nan]
 [1.67499204e-10            nan]
 [5.15859758e-10            nan]
 [           nan 1.76777682e-10]
 [4.70653391e-10            nan]
 [4.05487647e-10            nan]
 [           nan 4.56023910e-10]
 [1.75433460e-10            nan]
 [1.68181280e-10            nan]
 [4.19917543e-10            nan]
 [1.55646609e-10            nan]
 [4.67369723e-10            nan]
 [           nan 9.57796886e-11]
 [4.77396021e-10            nan]
 [4.75527093e-10            nan]
 [1.46786055e-10            nan]
 [4.87033460e-10            nan]
 [           nan 4.78233460e-10]
 [1.48420311e-10            nan]
 [4.73654983e-10            nan]
 [4.34296021e-10            nan]
 [4.28535052e-10            nan]
 [4.95858166e-10            nan]
 [1.75118720e-10            nan]
 [           nan 1.28012353e-10]
 [1.33797612e-10            nan]
 [9.04155363e-11            nan]
 [4.87931869e-10            nan]
 [5.17525502e-10            nan]
 [1.57048201e-10            nan]
 [1.34497612e-10            nan]
 [1.38710761e-10            nan]
 [4.62300796e-10            nan]
 [4.63277682e-10            nan]
 [1.83200796e-10            nan]
 [4.51025502e-10            nan]
 [4.60151384e-10            nan]
 [8.64286851e-11            nan]
 [4.46835052e-10            nan]
 [4.14676090e-10            nan]
 [1.64159758e-10            nan]
 [1.53456574e-10            nan]
 [4.29484464e-10            nan]
 [4.57997612e-10            nan]
 [4.00796021e-10            nan]
 [4.43718720e-10            nan]
 [4.90115536e-10            nan]
 [4.05558166e-10            nan]
 [4.74146609e-10            nan]
 [1.59030277e-10            nan]
 [           nan 1.69741834e-10]
 [4.74243426e-10            nan]
 [4.65715536e-10            nan]
 [1.70213945e-10            nan]
 [1.98943426e-10            nan]
 [3.74182872e-10            nan]
 [5.08427093e-10            nan]
 [1.56071315e-10            nan]
 [4.17143426e-10            nan]
 [           nan 1.39312353e-10]
 [2.36813945e-10            nan]
 [1.97443426e-10            nan]
 [1.47754983e-10            nan]
 [4.43672907e-10            nan]
 [4.19974498e-10            nan]
 [4.28497612e-10            nan]
 [4.49566540e-10            nan]
 [3.85019135e-10            nan]
 [1.92356574e-10            nan]
 [4.29927093e-10            nan]
 [1.59718720e-10            nan]
 [4.20523910e-10            nan]
 [4.70927093e-10            nan]
 [2.03999204e-10            nan]
 [3.92341834e-10            nan]
 [4.26899204e-10            nan]
 [4.36328685e-10            nan]
 [1.47127093e-10            nan]
 [1.27931869e-10            nan]
 [4.19328685e-10            nan]
 [1.42112353e-10            nan]
 [           nan 1.77351799e-10]
 [1.55613945e-10            nan]
 [4.73261349e-10            nan]
 [4.03978097e-10            nan]
 [1.61349792e-10            nan]
 [1.44423910e-10            nan]
 [1.55025502e-10            nan]
 [1.38361349e-10            nan]
 [4.41733875e-10            nan]
 [5.26910761e-10            nan]
 [1.45682872e-10            nan]
 [4.45241834e-10            nan]
 [           nan 4.33777682e-10]
 [4.74209170e-10            nan]
 [1.70490830e-10            nan]
 [4.65156574e-10            nan]
 [1.59541834e-10            nan]
 [7.80549827e-11            nan]
 [4.88268131e-10            nan]
 [4.65182872e-10            nan]
 [1.47437059e-10            nan]
 [2.09331869e-10            nan]
 [1.45743426e-10            nan]
 [1.85340242e-10            nan]
 [5.42317128e-10            nan]
 [4.61102388e-10            nan]
 [1.14328685e-10            nan]
 [4.53759758e-10            nan]
 [4.75969723e-10            nan]
 [           nan 4.26421903e-10]
 [1.53912353e-10            nan]
 [1.32058166e-10            nan]
 [           nan 4.37482872e-10]
 [4.95218720e-10            nan]
 [2.46746609e-10            nan]
 [1.23169723e-10            nan]
 [5.02203979e-10            nan]
 [1.85412353e-10            nan]
 [4.17602388e-10            nan]
 [5.43154983e-10            nan]
 [1.42400796e-10            nan]
 [3.83781280e-10            nan]
 [1.47582872e-10            nan]
 [4.43068131e-10            nan]
 [1.80917128e-10            nan]
 [1.21225502e-10            nan]
 [5.22702388e-10            nan]
 [2.01503979e-10            nan]
 [1.51613945e-10            nan]
 [4.54556574e-10            nan]
 [4.81840242e-10            nan]
 [1.71362941e-10            nan]
 [1.46941834e-10            nan]
 [4.05781280e-10            nan]
 [4.89341834e-10            nan]
 [1.53940242e-10            nan]
 [1.60328685e-10            nan]
 [1.47609170e-10            nan]
 [1.04199204e-10            nan]
 [9.76581661e-11            nan]
 [4.46541834e-10            nan]
 [1.21261349e-10            nan]
 [4.34877682e-10            nan]
 [4.27872907e-10            nan]
 [2.05425502e-10            nan]
 [1.89490830e-10            nan]
 [1.30092837e-10            nan]
 [1.46625502e-10            nan]
 [1.73187647e-10            nan]
 [4.24971315e-10            nan]
 [1.85549792e-10            nan]
 [           nan 4.91772907e-10]
 [4.51559758e-10            nan]
 [4.86359758e-10            nan]
 [1.20737059e-10            nan]
 [4.79228685e-10            nan]
 [4.48786055e-10            nan]
 [1.25586055e-10            nan]
 [4.40019135e-10            nan]
 [4.55341834e-10            nan]
 [2.03945017e-10            nan]
 [1.69062941e-10            nan]
 [1.55794014e-10            nan]
 [4.64781280e-10            nan]
 [2.04872907e-10            nan]
 [5.21507578e-10            nan]
 [4.99056574e-10            nan]
 [4.31427093e-10            nan]
 [1.43159758e-10            nan]
 [4.11471315e-10            nan]
 [1.24100796e-10            nan]
 [9.51402422e-11            nan]
 [2.15223495e-10            nan]
 [1.56796021e-10            nan]
 [3.04730277e-10            nan]
 [           nan 1.83213945e-10]
 [1.12964948e-10            nan]
 [1.49445017e-10            nan]
 [4.46527093e-10            nan]
 [1.50386055e-10            nan]
 [1.99869723e-10            nan]
 [4.41835467e-10            nan]
 [4.68123910e-10            nan]
 [4.42435052e-10            nan]
 [1.31210761e-10            nan]
 [3.93668131e-10            nan]
 [6.15100000e-10            nan]
 [1.63630277e-10            nan]
 [4.23210761e-10            nan]
 [1.33787647e-10            nan]
 [3.83002388e-10            nan]
 [5.20261349e-10            nan]
 [2.18697612e-10            nan]
 [1.44433875e-10            nan]
 [8.37255017e-11            nan]
 [           nan 3.22045017e-10]
 [1.98127093e-10            nan]
 [1.43972907e-10            nan]
 [4.26618720e-10            nan]
 [1.53589239e-10            nan]
 [           nan 4.78661349e-10]
 [1.94443426e-10            nan]
 [1.18913945e-10            nan]
 [1.25653391e-10            nan]
 [4.86282872e-10            nan]
 [7.88992042e-11            nan]
 [4.11228685e-10            nan]
 [4.61166540e-10            nan]
 [4.61794429e-10            nan]
 [4.85631869e-10            nan]
 [2.16428685e-10            nan]
 [4.95541834e-10            nan]
 [2.14079689e-10            nan]
 [5.22762941e-10            nan]
 [1.56541834e-10            nan]
 [4.26492837e-10            nan]
 [3.81910761e-10            nan]
 [           nan 4.63123910e-10]
 [1.27689239e-10            nan]
 [1.92153391e-10            nan]
 [3.90805571e-10            nan]
 [1.49827093e-10            nan]
 [4.64574498e-10            nan]
 [1.79413945e-10            nan]
 [4.52387647e-10            nan]
 [4.12894429e-10            nan]
 [1.71879689e-10            nan]
 [3.65212353e-10            nan]
 [1.41658166e-10            nan]
 [5.31017128e-10            nan]
 [4.63369723e-10            nan]
 [4.87458166e-10            nan]
 [           nan 9.32466090e-11]
 [4.18149792e-10            nan]
 [1.79182872e-10            nan]
 [9.16007958e-11            nan]
 [4.08541834e-10 1.15094429e-10]
 [4.53810761e-10            nan]
 [1.09131869e-10            nan]
 [8.83812803e-11            nan]
 [           nan 4.57728685e-10]
 [5.67882872e-10            nan]
 [4.29437059e-10            nan]
 [2.22056574e-10            nan]
 [1.78497612e-10            nan]
 [4.97174498e-10            nan]
 [1.68072907e-10            nan]
 [2.43115536e-10            nan]
 [8.59334602e-11            nan]
 [1.31184464e-10            nan]
 [4.86841834e-10            nan]
 [4.28274498e-10            nan]
 [4.77110761e-10            nan]
 [4.69443426e-10            nan]
 [1.37703979e-10            nan]
 [4.23471315e-10            nan]
 [1.05576090e-10            nan]
 [4.87533460e-10            nan]
 [1.21956574e-10            nan]
 [3.83945017e-10            nan]
 [2.11759758e-10            nan]
 [4.66717128e-10            nan]
 [1.84186055e-10            nan]
 [4.63046609e-10            nan]
 [9.60270934e-11            nan]
 [4.33403979e-10            nan]
 [2.32823910e-10            nan]
 [1.83856574e-10            nan]
 [1.43727093e-10            nan]
 [1.66027093e-10            nan]
 [7.91744983e-11            nan]
 [4.43643426e-10            nan]
 [1.18302388e-10            nan]
 [1.19825502e-10            nan]
 [1.75571315e-10            nan]
 [4.85892422e-10            nan]
 [4.78827093e-10            nan]
 [4.65110761e-10            nan]
 [1.07549792e-10            nan]
 [1.65723910e-10            nan]
 [6.08918720e-10            nan]
 [4.79413945e-10            nan]
 [4.82138651e-10            nan]
 [1.67915536e-10            nan]
 [4.69268131e-10            nan]
 [9.44713149e-11            nan]
 [1.22617543e-10            nan]
 [           nan 1.52241834e-10]
 [4.57899204e-10            nan]
 [1.68272907e-10            nan]
 [1.46900796e-10            nan]
 [1.38776090e-10            nan]
 [1.95163356e-10            nan]
 [4.94509170e-10            nan]
 [4.19872907e-10            nan]
 [           nan 3.56802388e-10]
 [4.43943426e-10            nan]
 [1.77568131e-10            nan]
 [4.80761349e-10            nan]
 [4.61123910e-10            nan]
 [1.65945017e-10            nan]
 [2.06881280e-10            nan]
 [1.59786055e-10            nan]
 [1.97159758e-10            nan]
 [4.15451799e-10            nan]
 [4.07894014e-10            nan]
 [1.58158166e-10            nan]
 [8.11796886e-11            nan]
 [5.02945017e-10            nan]
 [1.80594014e-10            nan]
 [1.94810761e-10            nan]
 [2.11553391e-10            nan]
 [2.27615536e-10            nan]
 [           nan 4.66713945e-10]
 [1.19151384e-10            nan]
 [5.01113945e-10            nan]
 [2.05441834e-10            nan]
 [1.16871315e-10            nan]
 [           nan 1.66543426e-10]
 [4.93809170e-10            nan]
 [1.93443426e-10            nan]
 [4.98045017e-10            nan]
 [4.44230277e-10            nan]
 [9.45812803e-11            nan]
 [4.73386055e-10            nan]
 [4.78754983e-10            nan]
 [5.12220311e-10            nan]
 [4.79756574e-10            nan]
 [9.96466090e-11            nan]
 [4.83845017e-10            nan]
 [4.00254983e-10            nan]
 [4.01517543e-10            nan]
 [4.45751799e-10            nan]
 [1.85048616e-10            nan]
 [4.17910761e-10            nan]
 [1.54138651e-10            nan]
 [5.01930277e-10            nan]
 [1.70497612e-10            nan]
 [1.02553391e-10            nan]
 [           nan 4.29578097e-10]
 [9.59860554e-11            nan]
 [1.75882872e-10            nan]
 [1.32074498e-10            nan]
 [1.54700796e-10            nan]
 [1.41656574e-10            nan]
 [3.89174498e-10            nan]
 [1.37584464e-10            nan]
 [4.62099204e-10            nan]
 [4.81966540e-10            nan]
 [1.97349792e-10            nan]
 [1.80866540e-10            nan]
 [1.71871315e-10            nan]
 [           nan 7.95470242e-11]
 [5.19990830e-10            nan]
 [1.26587647e-10            nan]
 [1.79402388e-10            nan]
 [1.39846609e-10            nan]
 [1.93735052e-10            nan]
 [4.84186055e-10            nan]
 [5.74243426e-10            nan]
 [           nan 4.68240242e-10]
 [4.24127093e-10            nan]
 [1.57868131e-10            nan]
 [4.09156574e-10            nan]
 [1.83522318e-10            nan]
 [1.16296021e-10            nan]
 [4.96566540e-10            nan]
 [4.56476090e-10            nan]
 [4.71059758e-10            nan]
 [4.44509170e-10            nan]
 [4.80962941e-10            nan]
 [1.15127093e-10            nan]
 [4.08530277e-10            nan]
 [3.95117128e-10            nan]
 [4.68472907e-10            nan]
 [1.03071315e-10            nan]
 [9.56581661e-11 2.07059758e-10]
 [3.93565744e-11            nan]
 [1.22443426e-10            nan]
 [2.02454983e-10            nan]
 [4.62376090e-10            nan]
 [1.39331869e-10            nan]
 [4.65899204e-10            nan]
 [5.04556574e-10            nan]
 [1.99700796e-10            nan]
 [2.12762941e-10            nan]
 [4.70113945e-10            nan]
 [1.54189239e-10            nan]
 [4.57487647e-10            nan]
 [8.84649481e-11            nan]
 [1.97121903e-10            nan]
 [4.20381280e-10            nan]
 [5.28937059e-10            nan]
 [1.77215536e-10            nan]
 [4.16743426e-10            nan]
 [2.61915536e-10            nan]
 [1.77702388e-10            nan]
 [4.46741834e-10            nan]
 [4.34487647e-10            nan]
 [4.63200796e-10            nan]
 [1.24992837e-10            nan]
 [1.47499204e-10            nan]
 [1.59441834e-10            nan]
 [4.89197612e-10            nan]
 [5.21097612e-10            nan]
 [5.13266540e-10            nan]
 [4.91981280e-10            nan]
 [2.06548201e-10            nan]
 [5.01654983e-10            nan]
 [4.47494429e-10            nan]
 [1.20882872e-10            nan]
 [5.02800796e-10            nan]
 [4.75699204e-10            nan]
 [5.19876090e-10            nan]
 [1.32454983e-10            nan]
 [4.60312353e-10            nan]
 [1.31348616e-10            nan]
 [1.42412353e-10            nan]
 [4.61253391e-10            nan]
 [           nan 1.22040242e-10]
 [1.20156574e-10            nan]
 [1.43976090e-10            nan]
 [2.02994429e-10            nan]
 [4.55384464e-10            nan]
 [1.93617128e-10            nan]
 [5.72284464e-10            nan]
 [1.51630277e-10            nan]
 [4.84817128e-10            nan]
 [4.38417128e-10            nan]
 [1.56689239e-10            nan]
 [4.33343426e-10            nan]
 [4.64541834e-10            nan]
 [4.24717128e-10            nan]
 [4.55346609e-10            nan]
 [1.79900796e-10            nan]
 [4.81628685e-10            nan]
 [1.07996021e-10            nan]
 [4.56392837e-10            nan]
 [5.15928685e-10            nan]
 [1.43113945e-10            nan]
 [1.33343426e-10            nan]
 [2.05776090e-10            nan]
 [1.52917128e-10            nan]
 [           nan 1.58303979e-10]
 [           nan 4.51015536e-10]
 [3.74402422e-11            nan]
 [4.56053391e-10            nan]
 [1.48700796e-10            nan]
 [2.07899204e-10            nan]
 [3.18782872e-10            nan]
 [1.63358166e-10            nan]
 [4.27812353e-10            nan]
 [5.12246609e-10            nan]
 [2.07243426e-10            nan]
 [1.97140242e-10            nan]
 [6.81139446e-11            nan]
 [4.49068131e-10            nan]
 [1.98000796e-10            nan]
 [8.76517993e-11            nan]
 [1.52974498e-10            nan]
 [4.08459758e-10            nan]
 [1.43581280e-10            nan]
 [1.71028685e-10            nan]
 [1.95700796e-10            nan]
 [5.04245017e-10            nan]
 [1.73669723e-10            nan]
 [1.52115536e-10            nan]
 [4.30037059e-10            nan]
 [4.68333460e-10 1.83302388e-10]
 [4.70782872e-10            nan]
 [4.58838651e-10            nan]
 [4.77479689e-10            nan]
 [5.25968131e-10            nan]
 [4.94386055e-10            nan]
 [1.35930277e-10            nan]
 [1.30797612e-10            nan]
 [1.99831869e-10            nan]
 [1.76392422e-10            nan]
 [4.62054983e-10            nan]
 [4.97341834e-10            nan]
 [1.24645017e-10            nan]
 [1.05692837e-10            nan]
 [4.21148201e-10            nan]
 [2.00417128e-10            nan]
 [4.90741834e-10            nan]
 [3.88210761e-10            nan]
 [4.66627093e-10            nan]
 [4.51096021e-10            nan]
 [4.30686055e-10            nan]
 [3.95659758e-10            nan]
 [1.75413945e-10            nan]
 [4.50449792e-10            nan]
 [4.65561349e-10            nan]
 [4.76178097e-10            nan]
 [4.56412353e-10            nan]
 [4.31121903e-10            nan]
 [           nan 5.16884464e-10]
 [8.75780969e-11            nan]
 [1.42712353e-10            nan]
 [4.42946609e-10            nan]
 [9.29533910e-11            nan]
 [4.43974498e-10            nan]
 [1.13725502e-10            nan]
 [4.55802388e-10            nan]
 [1.48397612e-10            nan]
 [1.44941834e-10            nan]
 [1.34958166e-10            nan]
 [4.40990830e-10            nan]
 [4.28435467e-10            nan]
 [4.25192837e-10            nan]
 [1.96715536e-10            nan]
 [1.79092422e-10            nan]
 [1.35345017e-10            nan]
 [1.43809170e-10            nan]
 [           nan 1.10331869e-10]
 [1.73215536e-10            nan]
 [1.30515536e-10            nan]
 [1.49505571e-10            nan]
 [           nan 1.11102388e-10]
 [1.36161349e-10            nan]
 [           nan 1.64541834e-10]
 [           nan 4.83515536e-10]
 [5.03896021e-10            nan]
 [4.12690830e-10            nan]
 [1.72825502e-10            nan]
 [4.41540242e-10            nan]
 [4.44241834e-10            nan]
 [1.34984464e-10            nan]
 [4.55071315e-10            nan]
 [4.01630277e-10            nan]
 [1.56761349e-10            nan]
 [4.76028685e-10            nan]
 [3.85779689e-10            nan]
 [4.15687647e-10            nan]
 [1.46543426e-10            nan]
 [4.79323910e-10            nan]
 [1.61379273e-10            nan]
 [4.42041834e-10            nan]
 [3.91787647e-10            nan]
 [1.72258166e-10            nan]
 [1.88453391e-10            nan]
 [           nan 1.59664533e-10]
 [           nan 1.73450173e-11]
 [5.09131869e-10            nan]
 [4.50554983e-10            nan]
 [1.64866540e-10            nan]
 [4.64053391e-10            nan]
 [1.68821903e-10            nan]
 [1.33233460e-10            nan]
 [1.16284464e-10            nan]
 [4.83402388e-10            nan]
 [1.55423910e-10            nan]
 [4.09777682e-10            nan]
 [1.70833460e-10            nan]
 [5.11645017e-10            nan]
 [4.44776090e-10            nan]
 [1.44853391e-10            nan]
 [4.28923910e-10            nan]
 [5.43386055e-10            nan]
 [4.06786055e-10            nan]
 [           nan 1.90103979e-10]
 [4.68999204e-10            nan]
 [4.44623910e-10            nan]
 [1.55296021e-10            nan]
 [1.27943426e-10            nan]
 [           nan 1.39100796e-10]
 [           nan 5.09312353e-10]
 [4.59741834e-10            nan]
 [4.35530277e-10            nan]
 [5.49946609e-10            nan]
 [4.38635052e-10            nan]
 [4.53241834e-10            nan]
 [           nan 4.64954983e-10]
 [1.99802388e-10            nan]
 [4.80630277e-10            nan]
 [4.09902388e-10            nan]
 [1.74938651e-10            nan]
 [1.25156574e-10            nan]
 [4.80415536e-10            nan]
 [3.13440242e-10            nan]
 [1.79018720e-10            nan]
 [5.25072907e-10            nan]
 [1.57245017e-10            nan]
 [1.80769723e-10            nan]
 [4.18540242e-10            nan]
 [1.27069723e-10            nan]
 [2.15039827e-10            nan]
 [           nan 4.37300796e-10]
 [4.66354983e-10            nan]
 [1.48984464e-10            nan]
 [           nan 4.08461349e-10]
 [2.16140242e-10            nan]
 [1.24189239e-10            nan]
 [4.56479273e-10            nan]
 [4.69682872e-10            nan]
 [1.77243426e-10            nan]
 [1.11010761e-10            nan]
 [4.69543426e-10            nan]
 [1.70225502e-10            nan]
 [4.60790830e-10            nan]
 [1.89337059e-10            nan]
 [9.39286851e-11            nan]
 [4.43507163e-10            nan]
 [1.62871315e-10            nan]
 [1.37182872e-10            nan]
 [4.90605571e-10            nan]
 [2.05672907e-10            nan]
 [4.42141834e-10            nan]
 [1.89882872e-10            nan]
 [1.39940242e-10            nan]
 [1.86081280e-10            nan]
 [           nan 4.64017128e-10]
 [2.40813945e-10            nan]
 [1.57841834e-10            nan]
 [4.54713945e-10            nan]
 [2.07512353e-10            nan]
 [1.07586055e-10            nan]
 [1.57613945e-10            nan]
 [5.22672907e-10            nan]
 [4.38097612e-10            nan]
 [4.67849792e-10            nan]
 [4.85387647e-10            nan]
 [4.65925502e-10            nan]
 [4.31238651e-10            nan]
 [1.83138651e-10            nan]
 [4.60758166e-10            nan]
 [4.28645017e-10            nan]
 [4.48631869e-10            nan]
 [4.94100796e-10            nan]
 [1.39413945e-10            nan]
 [9.71976125e-11            nan]
 [5.43548201e-10            nan]
 [3.98289239e-10            nan]
 [5.30364948e-10            nan]
 [4.72469723e-10            nan]
 [2.03137059e-10            nan]
 [4.81262941e-10            nan]
 [4.09894429e-10            nan]
 [4.33310761e-10            nan]
 [1.94136644e-10            nan]
 [1.77003979e-10            nan]
 [7.65876471e-11            nan]
 [1.12664948e-10            nan]
 [           nan 1.19425502e-10]
 [1.66884464e-10            nan]
 [2.13623910e-10            nan]
 [4.65482872e-10            nan]
 [1.60453391e-10            nan]
 [4.55012353e-10            nan]
 [           nan 8.24729066e-11]
 [5.46597612e-10            nan]
 [4.27958166e-10            nan]
 [1.95712353e-10            nan]
 [1.08576090e-10            nan]
 [4.98068131e-10            nan]
 [4.73513945e-10            nan]
 [5.16423910e-10            nan]
 [4.24887647e-10            nan]
 [1.36905986e-10            nan]
 [3.83825502e-10            nan]
 [1.50797612e-10            nan]
 [1.95872907e-10            nan]
 [1.25310761e-10            nan]
 [           nan 4.80817128e-10]
 [4.84910761e-10            nan]
 [2.06740242e-10            nan]
 [2.54354983e-10            nan]
 [5.02243426e-10            nan]
 [1.37656574e-10            nan]
 [1.22441834e-10            nan]
 [4.74000796e-10            nan]
 [1.75761349e-10            nan]
 [4.37882872e-10            nan]
 [4.44515536e-10            nan]
 [4.44590830e-10            nan]
 [4.66069723e-10            nan]
 [           nan 4.33243426e-10]
 [1.65545017e-10            nan]
 [1.61161349e-10            nan]
 [2.66131869e-10            nan]
 [1.78079689e-10            nan]
 [1.56664948e-10            nan]
 [5.06531869e-10            nan]
 [1.23215536e-10            nan]
 [4.48087647e-10            nan]
 [4.57586055e-10            nan]
 [4.28317128e-10            nan]
 [1.39238651e-10            nan]
 [1.60674498e-10            nan]
 [3.45902388e-10 1.11002388e-10]
 [4.77638651e-10            nan]
 [4.61394464e-12            nan]
 [1.93582872e-10            nan]
 [2.61348201e-10            nan]
 [5.03351799e-10            nan]
 [1.79830277e-10            nan]
 [4.15659758e-10            nan]
 [1.42281280e-10            nan]
 [1.82015536e-10            nan]
 [1.86415536e-10            nan]
 [1.93074498e-10            nan]
 [1.14197612e-10            nan]
 [9.70286851e-11            nan]
 [2.34240242e-10            nan]
 [1.12364948e-10            nan]
 [1.53394429e-10            nan]
 [1.36127093e-10            nan]
 [4.33987647e-10            nan]
 [4.49474498e-10            nan]
 [4.57438651e-10            nan]
 [3.94112353e-10            nan]
 [           nan 4.74358166e-10]
 [3.07386055e-10            nan]
 [9.33450173e-11            nan]
 [1.67437059e-10            nan]
 [4.44271315e-10            nan]
 [4.35058166e-10            nan]
 [1.07430277e-10            nan]
 [4.41496021e-10            nan]
 [1.60628685e-10            nan]
 [4.83733875e-10            nan]
 [5.46243426e-10            nan]
 [4.92589239e-10            nan]
 [           nan 4.94061349e-10]
 [2.44703979e-10            nan]
 [5.29100796e-10            nan]
 [1.37051799e-10            nan]
 [4.20728685e-10            nan]
 [           nan 1.74846609e-10]
 [5.23289239e-10            nan]
 [1.47359758e-10            nan]
 [4.70017128e-10            nan]
 [4.68386055e-10            nan]
 [           nan 1.14469723e-10]
 [8.62533910e-11            nan]
 [1.10687647e-10            nan]
 [4.59305571e-10            nan]
 [4.66541834e-10            nan]
 [4.76813945e-10            nan]
 [1.65974498e-10            nan]
 [1.78918720e-10            nan]
 [4.74002388e-10            nan]
 [8.97597578e-11            nan]
 [4.69984464e-10            nan]
 [1.22674498e-10            nan]
 [1.15968131e-10            nan]
 [1.38982872e-10            nan]
 [1.37941834e-10            nan]
 [4.58899204e-10            nan]
 [           nan 1.57699204e-10]
 [1.18018720e-10            nan]
 [           nan 1.23102388e-10]
 [5.05471315e-10            nan]
 [2.00356574e-10            nan]
 [4.73595606e-10            nan]
 [4.82069723e-10            nan]
 [4.55271315e-10            nan]
 [1.72025502e-10            nan]
 [5.24653391e-10            nan]
 [1.50025502e-10            nan]
 [4.77613945e-10            nan]
 [1.32327093e-10            nan]
 [1.07582872e-10            nan]
 [1.14371315e-10            nan]
 [1.45594429e-10            nan]
 [2.03166540e-10            nan]
 [4.98303979e-10            nan]
 [2.17143426e-10            nan]
 [4.66474498e-10            nan]
 [1.40428685e-10            nan]
 [1.45128685e-10            nan]
 [1.60900796e-10            nan]
 [1.98500796e-10            nan]
 [1.46830277e-10            nan]
 [4.72643426e-10            nan]
 [1.92799204e-10            nan]
 [1.33738651e-10            nan]
 [5.20000796e-10            nan]
 [1.59084464e-10            nan]
 [4.68274498e-10            nan]
 [4.72799204e-10            nan]
 [1.14684464e-10            nan]
 [1.42074498e-10            nan]
 [           nan 9.71613495e-11]
 [4.13379689e-10            nan]
 [9.23649481e-11            nan]
 [1.60533460e-10            nan]
 [4.41186055e-10            nan]
 [4.61523495e-10            nan]
 [4.66766540e-10            nan]
 [4.36161765e-10            nan]
 [1.08419135e-10            nan]
 [2.43487647e-10            nan]
 [4.48713945e-10            nan]
 [4.69612353e-10            nan]
 [1.33586055e-10            nan]
 [1.47287647e-10            nan]
 [4.09556574e-10            nan]
 [4.06871315e-10            nan]
 [1.71481280e-10            nan]
 [7.96007958e-11            nan]
 [5.45568131e-10            nan]
 [2.19274498e-10            nan]
 [           nan 2.07434256e-11]
 [1.95053391e-10            nan]
 [4.22674498e-10            nan]
 [           nan 1.86676090e-10]
 [9.39497924e-11            nan]
 [5.14171315e-10            nan]
 [1.29554983e-10            nan]
 [1.45882872e-10            nan]
 [4.74130277e-10            nan]
 [4.30746609e-10            nan]
 [1.18961349e-10            nan]
 [4.46545017e-10            nan]
 [4.48517128e-10            nan]
 [1.98094014e-10            nan]
 [1.79182872e-10            nan]
 [4.66158166e-10            nan]
 [4.65028685e-10            nan]
 [1.74772907e-10            nan]
 [9.72255017e-11            nan]
 [4.21982872e-10            nan]
 [1.90203979e-10            nan]
 [4.51812353e-10            nan]
 [8.77960208e-11            nan]
 [4.01554983e-10            nan]
 [5.07656574e-10            nan]
 [7.75992042e-11            nan]
 [1.14131869e-10            nan]
 [1.78777682e-10            nan]
 [3.04613495e-11            nan]
 [4.71664948e-10            nan]
 [2.73733460e-10            nan]
 [1.08064948e-10            nan]
 [1.68779689e-10            nan]
 [1.51054983e-10            nan]
 [5.17446609e-10            nan]
 [1.75389239e-10            nan]
 [1.09803979e-10            nan]
 [1.10513945e-10            nan]
 [1.10979273e-10            nan]
 [1.68463356e-10            nan]
 [4.84528685e-10            nan]
 [3.39761245e-12            nan]
 [           nan 4.45266540e-10]
 [5.23843426e-10            nan]
 [1.00899204e-10            nan]
 [1.90030277e-10            nan]
 [           nan 1.26559758e-10]
 [4.50510761e-10            nan]
 [4.98376090e-10            nan]
 [1.26187647e-10            nan]
 [1.52086055e-10            nan]
 [8.74729066e-11            nan]
 [1.21851799e-10            nan]
 [4.31902388e-10            nan]
 [4.76550208e-10            nan]
 [1.29941834e-10            nan]
 [4.71686055e-10            nan]
 [4.46300796e-10            nan]
 [1.42622318e-10            nan]
 [4.88894014e-10            nan]
 [1.19930277e-10            nan]
 [           nan 1.42317128e-10]
 [4.32354983e-10            nan]
 [4.44771315e-10            nan]
 [4.98289239e-10            nan]
 [           nan 1.53810761e-10]
 [1.51151799e-10            nan]
 [4.57812353e-10            nan]
 [1.79571315e-10            nan]
 [5.17669723e-10            nan]
 [1.08845017e-10            nan]
 [4.58689239e-10            nan]
 [4.47328685e-10            nan]
 [4.37086055e-10            nan]
 [1.37868131e-10            nan]
 [1.09803979e-10            nan]
 [4.74000796e-10            nan]
 [1.47437059e-10            nan]
 [           nan 9.63286851e-11]
 [1.33717128e-10            nan]
 [1.29209170e-10            nan]
 [1.31610761e-10            nan]
 [           nan 8.43713149e-11]
 [1.63540242e-10            nan]
 [1.78002388e-10            nan]
 [4.84809170e-10            nan]
 [4.86941834e-10 1.29240242e-10]
 [4.38130277e-10            nan]
 [3.92541834e-10            nan]
 [5.32749792e-10            nan]
 [1.69517128e-10            nan]
 [4.59697612e-10            nan]
 [4.05479273e-10            nan]
 [1.31220727e-10            nan]
 [4.06368131e-10            nan]
 [1.26925502e-10            nan]
 [1.86817128e-10            nan]
 [9.39744983e-11            nan]
 [1.24035052e-10            nan]
 [3.72115536e-10            nan]
 [1.46025502e-10            nan]
 [           nan 4.38887647e-10]
 [4.69123495e-10            nan]
 [1.79456574e-10            nan]
 [4.93310761e-10            nan]
 [4.26817128e-10            nan]
 [4.61297612e-10            nan]
 [4.68028685e-10            nan]
 [4.77056574e-10            nan]
 [5.08774498e-10            nan]
 [1.38445017e-10            nan]
 [1.05048201e-10            nan]
 [4.51668131e-10            nan]
 [1.60015536e-10            nan]
 [1.77790830e-10            nan]
 [1.26169723e-10            nan]
 [2.67003979e-10            nan]
 [4.98551799e-10            nan]
 [4.87290830e-10            nan]
 [           nan 4.57058166e-10]
 [4.64099204e-10            nan]
 [5.04753391e-10            nan]
 [9.69581661e-11            nan]
 [4.69061349e-10            nan]
 [1.89182872e-10            nan]
 [4.34343426e-10            nan]
 [9.93434256e-11            nan]
 [4.85592422e-10            nan]
 [1.40013945e-10            nan]
 [2.02758166e-10            nan]
 [5.07438651e-10            nan]
 [4.52674498e-10            nan]
 [4.89321903e-10            nan]
 [3.30958166e-10            nan]
 [4.77227093e-10            nan]
 [1.72235052e-10            nan]
 [4.45825502e-10            nan]
 [1.61328685e-10            nan]
 [4.49071315e-10            nan]
 [1.46871315e-10            nan]
 [1.86069723e-10            nan]
 [           nan 4.51800796e-10]
 [1.79238651e-10            nan]
 [6.23450173e-11            nan]
 [           nan 3.82335052e-10]
 [           nan 4.60040242e-10]
 [4.59312353e-10            nan]
 [4.86597612e-10            nan]
 [4.26513945e-10            nan]
 [           nan 1.99202388e-10]
 [4.56696021e-10            nan]
 [1.53807578e-10            nan]
 [5.06943426e-10            nan]
 [5.12831869e-10            nan]
 [1.70648201e-10            nan]
 [1.69323910e-10            nan]
 [1.31002388e-10            nan]
 [4.82354983e-10            nan]
 [4.76100796e-10            nan]
 [           nan 9.62239100e-11]
 [2.00200796e-10            nan]
 [1.72525502e-10            nan]
 [4.65523910e-10            nan]
 [4.01058166e-10            nan]
 [1.93513945e-10            nan]
 [4.69869723e-10            nan]
 [4.57259758e-10            nan]
 [1.45617128e-10            nan]
 [3.84515536e-10            nan]
 [1.17758166e-10            nan]
 [           nan 3.29938651e-10]
 [1.15874498e-10            nan]
 [4.73003979e-10            nan]
 [           nan 2.70890830e-10]
 [4.71676090e-10            nan]
 [1.46372907e-10            nan]
 [4.46945017e-10            nan]
 [4.84625502e-10            nan]
 [6.14729066e-11            nan]
 [4.28559758e-10            nan]
 [1.14996021e-10            nan]
 [1.72013945e-10            nan]
 [3.63972907e-10            nan]
 [1.42707578e-10            nan]
 [5.13589239e-10            nan]
 [2.25754983e-10            nan]
 [3.87312353e-10            nan]
 [1.21628685e-10            nan]
 [4.61327093e-10            nan]
 [1.85746609e-10            nan]
 [9.10944291e-11            nan]
 [           nan 1.22012353e-10]
 [1.60440242e-10            nan]
 [8.57007958e-11            nan]
 [4.72467716e-10            nan]
 [1.42259758e-10            nan]
 [1.80859758e-10            nan]
 [1.18037059e-10            nan]
 [4.52028685e-10            nan]
 [4.88331869e-10            nan]
 [4.42586055e-10            nan]
 [1.19497612e-10            nan]
 [1.61272907e-10            nan]
 [4.90382872e-10            nan]
 [5.13472907e-10            nan]
 [9.58613495e-11            nan]
 [4.38538651e-10            nan]
 [1.32310761e-10            nan]
 [2.04087647e-10            nan]
 [4.54753391e-10            nan]
 [5.15586055e-10            nan]
 [1.45717128e-10            nan]
 [4.52825502e-10            nan]
 [4.35187647e-10            nan]
 [1.09830277e-10            nan]
 [2.22430277e-10            nan]
 [3.95582872e-10            nan]
 [           nan 1.72384464e-10]
 [1.67403979e-10            nan]
 [4.59469723e-10            nan]
 [4.75818720e-10            nan]
 [1.75284464e-10            nan]
 [1.31456574e-10            nan]
 [1.67935052e-10            nan]
 [           nan 1.30569723e-10]
 [1.95028685e-10            nan]
 [1.08890830e-10            nan]
 [1.38189239e-10            nan]
 [1.19721903e-10            nan]
 [1.24233460e-10            nan]
 [4.14743426e-10            nan]
 [4.69615536e-10            nan]
 [4.43362941e-10            nan]
 [4.16159758e-10            nan]
 [2.35609170e-10            nan]
 [1.26989239e-10            nan]
 [1.20668131e-10            nan]
 [1.15086055e-10            nan]
 [2.01705571e-10            nan]
 [4.89928685e-10            nan]
 [           nan 4.89387647e-10]
 [3.70915536e-10            nan]
 [1.92386055e-10            nan]
 [9.82765052e-11            nan]
 [5.56799204e-10            nan]
 [4.70384464e-10            nan]
 [4.65827093e-10            nan]
 [4.97587647e-10            nan]
 [4.75379273e-10            nan]
 [1.93041834e-10            nan]
 [1.64713945e-10            nan]
 [4.25641834e-10            nan]
 [4.59797612e-10            nan]
 [1.44474498e-10            nan]
 [4.22494014e-10            nan]
 [4.35287647e-10            nan]
 [           nan 1.16303979e-10]
 [1.47876090e-10            nan]
 [4.64276090e-10            nan]
 [1.12510761e-10            nan]
 [1.87184464e-10            nan]
 [3.92894429e-10            nan]
 [2.08515536e-10            nan]
 [4.81958166e-10            nan]
 [4.41725502e-10            nan]
 [8.46681315e-11            nan]
 [4.93576090e-10            nan]
 [1.55809170e-10            nan]
 [4.63233460e-10            nan]
 [           nan 1.12056574e-10]
 [4.43364533e-10            nan]
 [9.47565744e-11            nan]
 [1.47723910e-10            nan]
 [1.93245017e-10            nan]
 [1.15130277e-10            nan]
 [1.46631869e-10            nan]
 [1.27613945e-10            nan]
 [2.11087647e-10 4.51564533e-10]
 [5.14256574e-10            nan]
 [4.39943426e-10            nan]
 [4.89476090e-10            nan]
 [1.99989239e-10            nan]
 [1.49125502e-10            nan]
 [4.29600796e-10            nan]
 [4.34213945e-10            nan]
 [           nan 4.64346609e-10]
 [4.20558166e-10            nan]
 [1.13540242e-10            nan]
 [4.98531869e-10            nan]
 [4.93699204e-10            nan]
 [1.02428685e-10            nan]
 [1.71390830e-10            nan]
 [1.61354983e-10            nan]
 [           nan 4.90333460e-10]
 [5.31577682e-10            nan]
 [5.05422318e-10            nan]
 [1.07915536e-10            nan]
 [4.69758166e-10            nan]
 [4.62109170e-10            nan]
 [7.83713149e-11            nan]
 [5.03425502e-10            nan]
 [2.08013945e-10            nan]
 [2.13421903e-10            nan]
 [3.95627093e-10            nan]
 [1.17638651e-10            nan]
 [1.34215536e-10            nan]
 [4.73625502e-10            nan]
 [1.65882872e-10            nan]
 [1.57612353e-10            nan]
 [4.28858166e-10            nan]
 [           nan 1.44141834e-10]
 [1.44249792e-10            nan]
 [4.33381280e-10            nan]
 [1.26787647e-10            nan]
 [4.77362941e-10            nan]
 [1.88243426e-10            nan]
 [4.63409170e-10            nan]
 [1.18809170e-10            nan]
 [4.67189239e-10            nan]
 [4.15307578e-10            nan]
 [1.74356574e-10            nan]
 [1.45818720e-10            nan]
 [4.47497612e-10            nan]
 [4.35471315e-10            nan]
 [1.21235052e-10            nan]
 [5.35700796e-10            nan]
 [4.06027093e-10            nan]
 [4.88540242e-10            nan]
 [1.59258166e-10            nan]
 [4.52787647e-10            nan]
 [1.92968131e-10            nan]
 [1.43337059e-10            nan]
 [4.77905571e-10            nan]
 [4.27692837e-10            nan]
 [1.52715536e-10            nan]
 [           nan 4.90405986e-10]
 [4.67494014e-10            nan]
 [4.61023910e-10            nan]
 [4.92194429e-10            nan]
 [1.59452976e-10            nan]
 [5.07612353e-10            nan]
 [4.22756574e-10            nan]
 [4.80210761e-10            nan]
 [1.01196021e-10            nan]
 [1.37515536e-10            nan]
 [1.07156574e-10            nan]
 [4.71303979e-10            nan]
 [4.72989239e-10            nan]
 [1.64902388e-10            nan]
 [4.43345017e-10            nan]
 [9.23960208e-11            nan]
 [5.37131869e-10            nan]
 [5.12171315e-10            nan]
 [4.87903979e-10            nan]
 [           nan 4.12874498e-10]
 [1.91268131e-10            nan]
 [1.31859758e-10            nan]
 [1.71177682e-10            nan]
 [4.17194429e-10            nan]
 [1.68445017e-10            nan]
 [5.11546609e-10            nan]
 [1.33862941e-10            nan]
 [1.33330277e-10            nan]
 [           nan 4.57571315e-10]
 [1.74859758e-10            nan]
 [3.01043426e-10            nan]
 [4.70962941e-10            nan]
 [4.18215536e-10            nan]
 [4.35840242e-10            nan]
 [4.67163356e-10            nan]
 [4.58402388e-10            nan]
 [2.00461349e-10            nan]
 [4.61453391e-10            nan]
 [1.81003979e-10            nan]
 [1.93128685e-10            nan]
 [1.27412353e-10            nan]
 [4.85653391e-10            nan]
 [2.21730277e-10            nan]
 [4.13469723e-10            nan]
 [4.70750208e-10 1.71610761e-10]
 [4.22162941e-10            nan]
 [1.71799204e-10            nan]
 [4.76641834e-10            nan]
 [2.19805571e-10            nan]
 [4.11079273e-10            nan]
 [1.59212353e-10            nan]
 [4.16454983e-10            nan]
 [1.73569723e-10            nan]
 [8.08713149e-11            nan]
 [1.21789239e-10            nan]
 [4.79825502e-10            nan]
 [1.53648201e-10            nan]
 [           nan 5.05113945e-10]
 [1.17840242e-10            nan]
 [1.67930277e-10            nan]
 [4.87368131e-10            nan]
 [4.25487647e-10            nan]
 [1.06096021e-10            nan]
 [4.38917128e-10            nan]
 [4.25946609e-10            nan]
 [           nan 4.14750208e-10]
 [1.15727093e-10            nan]
 [4.95320311e-10            nan]
 [2.09997612e-10            nan]
 [4.88154983e-10            nan]
 [           nan 4.03086055e-10]
 [3.91041834e-10            nan]
 [5.34886055e-10            nan]
 [4.87859758e-10            nan]
 [2.15682872e-10            nan]
 [5.00222318e-10            nan]
 [4.00784464e-10            nan]
 [4.74396021e-10            nan]
 [4.54896021e-10            nan]
 [1.52523910e-10            nan]
 [1.85786055e-10            nan]
 [1.63905571e-10            nan]
 [1.58558166e-10            nan]
 [1.96569723e-10            nan]
 [4.30982872e-10            nan]
 [4.43671315e-10            nan]
 [4.73269723e-10            nan]
 [4.44682872e-10            nan]
 [5.07987647e-10            nan]
 [4.76818720e-10            nan]
 [5.29931869e-10            nan]
 [4.89059758e-10            nan]
 [1.36274498e-10            nan]
 [4.78899204e-10            nan]
 [9.74466090e-11            nan]
 [4.52615536e-10            nan]
 [9.24892388e-11            nan]
 [1.32597612e-10            nan]
 [3.98309170e-10            nan]
 [4.77841834e-10            nan]
 [4.82856574e-10            nan]
 [4.20597612e-10            nan]
 [1.60061349e-10            nan]
 [1.66430277e-10            nan]
 [1.23097612e-10            nan]
 [4.37533460e-10            nan]
 [5.21169723e-10            nan]
 [4.80771315e-10            nan]
 [4.40092837e-10            nan]
 [4.17782872e-10            nan]
 [5.08359758e-10            nan]
 [1.21869723e-10            nan]
 [2.00517128e-10            nan]
 [4.51933460e-10            nan]
 [2.00625502e-10            nan]
 [6.89924222e-11            nan]
 [2.02062941e-10            nan]
 [1.61547024e-10            nan]
 [3.27886055e-10            nan]
 [1.47413945e-10            nan]
 [2.05703979e-10            nan]
 [4.24254983e-10            nan]
 [4.94127093e-10            nan]
 [1.35981280e-10            nan]
 [2.16200796e-10            nan]
 [4.33158166e-10            nan]
 [1.13390830e-10            nan]
 [5.10915536e-10            nan]
 [4.46271315e-10            nan]
 [4.34900796e-10            nan]
 [1.90617128e-10            nan]
 [1.43984464e-10            nan]
 [4.12903979e-10            nan]
 [1.45562941e-10            nan]
 [1.78686055e-10            nan]
 [5.75654983e-10            nan]
 [2.37679689e-10            nan]
 [4.30959758e-10            nan]
 [5.13079273e-10            nan]
 [4.33130277e-10            nan]
 [1.39623910e-10            nan]
 [9.75239100e-11            nan]
 [5.08402422e-11            nan]
 [5.19415536e-10            nan]
 [1.64743426e-10            nan]
 [4.69481280e-10            nan]
 [4.52468131e-10            nan]
 [5.06403979e-10            nan]
 [4.62289239e-10            nan]
 [4.41031869e-10            nan]
 [8.89502076e-11            nan]
 [1.34954983e-10            nan]
 [4.56917128e-10            nan]
 [4.58177682e-10            nan]
 [4.56054983e-10            nan]
 [1.83074498e-10            nan]
 [           nan 1.83284464e-10]
 [1.78161349e-10            nan]
 [1.64687647e-10            nan]
 [4.40756574e-10            nan]
 [7.81370588e-11            nan]
 [5.05333460e-10            nan]
 [1.84669723e-10            nan]
 [5.01896021e-10            nan]
 [8.25270934e-11            nan]
 [1.24943426e-10            nan]
 [4.59482007e-11            nan]
 [1.44854983e-10            nan]
 [8.77760900e-11            nan]
 [1.97374498e-10            nan]
 [4.72396021e-10            nan]
 [8.04023875e-11            nan]
 [4.36423910e-10            nan]
 [1.67745017e-10            nan]
 [4.73946609e-10            nan]
 [1.80702388e-10            nan]
 [1.75876090e-10            nan]
 [4.26397612e-10            nan]
 [1.54427093e-10            nan]
 [4.48958166e-10            nan]
 [3.94112353e-10            nan]
 [1.41782872e-10            nan]
 [1.67694429e-10            nan]
 [4.40497612e-10            nan]
 [4.81041834e-10            nan]
 [1.17177682e-10            nan]
 [1.23517128e-10            nan]
 [4.72690830e-10            nan]
 [4.50466540e-10            nan]
 [2.05302388e-10            nan]
 [4.83215536e-10            nan]
 [           nan 4.36525502e-10]
 [1.93999204e-10            nan]
 [5.03384464e-10            nan]
 [4.74840242e-10            nan]
 [4.25012353e-10            nan]
 [           nan 4.72210761e-10]
 [8.47876471e-11            nan]
 [           nan 1.25112353e-10]
 [1.50966125e-10            nan]
 [6.54729066e-11            nan]
 [1.18943426e-10            nan]
 [1.43096021e-10            nan]
 [4.68941834e-10            nan]
 [4.84686055e-10            nan]
 [3.13418720e-10            nan]
 [1.74940242e-10            nan]
 [4.59640242e-10            nan]
 [1.03989239e-10            nan]
 [4.77227093e-10            nan]
 [5.22543426e-10 2.69687647e-10]
 [           nan 4.16076505e-10]
 [1.62071315e-10            nan]
 [4.70984464e-10            nan]
 [1.89205571e-10            nan]
 [5.10615536e-10            nan]
 [1.17913945e-10            nan]
 [4.56010761e-10            nan]
 [4.77099204e-10            nan]
 [4.97345017e-10            nan]
 [4.48782872e-10            nan]
 [1.19887647e-10            nan]
 [5.14689239e-10            nan]
 [4.03058166e-10            nan]
 [4.57887647e-10            nan]
 [5.46533910e-11            nan]
 [1.55151799e-10            nan]
 [4.63037059e-10            nan]
 [1.90945017e-10            nan]
 [2.04631869e-10            nan]
 [4.47112353e-10            nan]
 [4.93230277e-10            nan]
 [4.52646609e-10            nan]
 [4.85302388e-10            nan]
 [4.43781280e-10            nan]
 [1.47125502e-10            nan]
 [4.65772907e-10            nan]
 [1.69421903e-10            nan]
 [1.72315536e-10            nan]
 [1.32730277e-10            nan]
 [4.34030277e-10            nan]
 [1.21097612e-10            nan]
 [1.84597612e-10            nan]
 [1.67125502e-10            nan]
 [           nan 4.44459758e-10]
 [1.72954983e-10            nan]
 [1.18940242e-10            nan]
 [1.50507163e-10            nan]
 [1.06387647e-10            nan]
 [1.56759758e-10            nan]
 [1.77458166e-10            nan]
 [1.86420311e-10            nan]
 [1.31086055e-10            nan]
 [3.27743426e-10            nan]
 [1.13610761e-10            nan]
 [1.06882872e-10            nan]
 [4.59515536e-10            nan]
 [4.96713945e-10            nan]
 [4.54441834e-10            nan]
 [4.72096021e-10            nan]
 [4.84141834e-10            nan]
 [1.72954983e-10            nan]
 [4.81164533e-10            nan]
 [8.83402422e-11            nan]
 [           nan 4.46041834e-10]
 [4.18664948e-10            nan]
 [9.45203114e-11            nan]
 [4.83000796e-10            nan]
 [2.93472907e-10            nan]
 [1.38496021e-10            nan]
 [4.10820311e-10            nan]
 [4.25571315e-10            nan]
 [4.14889239e-10            nan]
 [1.19228685e-10            nan]
 [1.35389239e-10            nan]
 [4.09727093e-10            nan]
 [           nan 4.14686055e-10]
 [1.35115536e-10            nan]
 [4.86335052e-10            nan]
 [4.21005571e-10            nan]
 [2.62081280e-10            nan]
 [2.22238235e-10            nan]
 [1.11264533e-10            nan]
 [1.64128685e-10            nan]
 [1.39715536e-10            nan]
 [1.01686055e-10            nan]
 [1.14630277e-10            nan]
 [4.68240242e-10            nan]
 [2.51102388e-10            nan]
 [4.77231869e-10            nan]
 [2.14097612e-10            nan]
 [1.53086055e-10            nan]
 [1.18282872e-10            nan]
 [4.93372907e-10            nan]
 [2.07117128e-10            nan]
 [           nan 4.91169723e-10]
 [           nan 2.03443426e-10]
 [5.53659758e-10            nan]
 [4.68946609e-10            nan]
 [1.12996021e-10            nan]
 [4.29341834e-10            nan]
 [5.26102388e-10            nan]
 [4.89856574e-10            nan]
 [4.37820311e-10            nan]
 [1.99874498e-10            nan]
 [4.86268131e-10            nan]
 [           nan 4.70580865e-10]
 [3.99896021e-10            nan]
 [           nan 4.06756574e-10]
 [1.52296021e-10            nan]
 [1.39543426e-10            nan]
 [4.61654983e-10            nan]
 [1.20271315e-10            nan]
 [4.57571315e-10            nan]
 [4.55010761e-10            nan]
 [4.24194014e-10            nan]
 [9.83796886e-11            nan]
 [4.79854983e-10            nan]
 [4.61802388e-10            nan]
 [5.11412353e-10            nan]
 [1.38679689e-10            nan]
 [3.07653391e-10            nan]
 [           nan 4.21200796e-10]
 [           nan 4.28412353e-10]
 [4.81223910e-10            nan]
 [4.73443426e-10            nan]
 [5.23372907e-10            nan]
 [           nan 1.90828685e-10]
 [1.73389239e-10            nan]
 [           nan 4.05556574e-10]
 [4.24284464e-10            nan]
 [1.35709170e-10            nan]
 [2.05700796e-10            nan]
 [1.81061349e-10            nan]
 [2.17099204e-10            nan]
 [1.30238651e-10            nan]
 [4.60276505e-10            nan]
 [1.70902388e-10            nan]
 [           nan 1.56338651e-10]
 [4.60874498e-10            nan]
 [3.79599204e-10            nan]
 [4.89445017e-10            nan]
 [1.74218720e-10            nan]
 [5.13697612e-10            nan]
 [1.09184464e-10            nan]
 [1.83361349e-10            nan]
 [7.59239100e-11            nan]
 [4.58989239e-10            nan]
 [3.81335052e-10            nan]
 [2.56799204e-10            nan]
 [1.26062941e-10            nan]
 [1.89915536e-10            nan]
 [4.08197612e-10            nan]
 [2.12256574e-10            nan]
 [4.28327093e-10            nan]
 [8.43091695e-11            nan]
 [           nan 3.71253391e-10]
 [1.87905571e-10            nan]
 [1.44059758e-10            nan]
 [5.45064533e-10            nan]
 [           nan 4.29597612e-10]
 [5.37910761e-10            nan]
 [1.64723910e-10            nan]
 [1.55245017e-10            nan]
 [4.32881280e-10            nan]
 [           nan 4.76203979e-10]
 [1.95997612e-10            nan]
 [1.19305986e-10            nan]
 [4.34664533e-10            nan]
 [4.86559758e-10            nan]
 [4.48430277e-10            nan]
 [           nan 4.65451799e-10]
 [1.34999204e-10            nan]
 [4.22618720e-10            nan]
 [5.15115536e-10            nan]
 [4.62269723e-10            nan]
 [           nan 4.37656574e-10]
 [5.11027093e-10            nan]
 [1.50638651e-10            nan]
 [4.42872907e-10            nan]
 [2.09097612e-10            nan]
 [1.24769723e-10            nan]
 [1.23596021e-10            nan]
 [1.63890830e-10            nan]
 [4.15517128e-10            nan]
 [3.91340242e-10            nan]
 [4.65299204e-10            nan]
 [1.85448201e-10            nan]
 [3.94184464e-10            nan]
 [1.96100796e-10            nan]
 [1.72727093e-10            nan]
 [1.45030277e-10            nan]
 [           nan 4.87105571e-10]
 [2.47620311e-10            nan]
 [3.97528685e-10            nan]
 [1.83425502e-10            nan]
 [5.81613945e-10            nan]
 [1.91558166e-10            nan]
 [4.83123910e-10            nan]
 [1.52900796e-10            nan]
 [1.68071315e-10            nan]
 [2.62710761e-10            nan]
 [1.38410761e-10            nan]
 [5.11230277e-10            nan]
 [           nan 1.78672907e-10]
 [1.56413945e-10            nan]
 [1.15061349e-10            nan]
 [4.36238651e-10            nan]
 [4.71502388e-10            nan]
 [4.84982872e-10            nan]
 [2.10046609e-10            nan]
 [2.05202388e-10            nan]
 [1.66787647e-10            nan]
 [4.14789239e-10            nan]
 [8.24765052e-11            nan]
 [4.19768131e-10            nan]
 [4.11372907e-10            nan]
 [4.32517128e-10            nan]
 [4.87987647e-10            nan]
 [1.79397612e-10            nan]
 [4.62418720e-10            nan]
 [5.06866540e-10            nan]
 [1.56733875e-10            nan]
 [1.45556574e-10            nan]
 [4.73171315e-10            nan]
 [1.79163356e-10            nan]
 [1.81243426e-10            nan]
 [5.14712353e-10            nan]
 [2.13212353e-10            nan]
 [4.67843426e-10            nan]
 [5.14253391e-10            nan]
 [3.36966540e-10            nan]
 [4.30568131e-10            nan]
 [3.93672907e-10            nan]
 [1.48628685e-10            nan]
 [1.33231869e-10            nan]
 [4.83587647e-10            nan]
 [4.25186055e-10            nan]
 [4.48103979e-10            nan]
 [4.24403979e-10            nan]
 [3.82074498e-10            nan]
 [4.11502388e-10            nan]
 [4.04127093e-10            nan]
 [4.42317128e-10            nan]
 [1.92913945e-10            nan]
 [4.52330277e-10            nan]
 [4.81962941e-10            nan]
 [1.42072907e-10            nan]
 [4.09859758e-10            nan]
 [4.84374498e-10            nan]
 [4.28210761e-10            nan]
 [1.86515536e-10            nan]
 [2.14123910e-10            nan]
 [1.49858166e-10            nan]
 [4.57822318e-10            nan]
 [4.70087647e-10            nan]
 [9.33960208e-11            nan]
 [4.99927093e-10            nan]
 [4.38400796e-10            nan]
 [5.16736644e-10            nan]
 [4.50130277e-10            nan]
 [4.37013945e-10            nan]
 [4.41379689e-10            nan]
 [3.11180865e-10            nan]
 [4.46474498e-10            nan]
 [5.07556574e-10            nan]
 [           nan 3.92459758e-10]
 [4.69579273e-10            nan]
 [1.22135467e-10            nan]
 [           nan 5.37830277e-10]
 [4.59278097e-10            nan]
 [1.88584464e-10            nan]
 [4.83643426e-10            nan]
 [           nan 4.34733460e-10]
 [1.28054983e-10            nan]
 [1.72461349e-10            nan]
 [4.44362941e-10            nan]
 [5.02900796e-10            nan]
 [3.20702388e-10            nan]
 [1.31849792e-10            nan]
 [           nan 4.85766125e-10]
 [1.46881280e-10            nan]
 [4.99110346e-10            nan]
 [1.69813945e-10            nan]
 [5.14658166e-10            nan]
 [4.61672907e-10            nan]
 [9.02007958e-11            nan]
 [6.83270934e-11            nan]
 [5.16786055e-10            nan]
 [4.53372907e-10            nan]
 [4.74862941e-10            nan]
 [1.14789239e-10            nan]]
index_where_photons_det_z: [   11    49    72    76   108   110   114   119   159   179   203   208
   215   240   242   244   250   281   286   287   293   301   314   316
   341   368   389   398   423   427   446   473   475   477   512   514
   524   562   583   591   612   616   622   645   667   692   707   737
   746   786   789   843   857   878   896   935   937   983   992  1006
  1015  1024  1027  1071  1076  1089  1099  1110  1117  1123  1140  1142
  1171  1246  1254  1386  1393  1399  1443  1446  1451  1460  1493  1522
  1612  1616  1635  1662  1673  1690  1692  1745  1757  1762  1817  1849
  1850  1857  1926  1934  1937  1950  1977  1981  1988  1997  2013  2024
  2025  2076  2077  2084  2090  2091  2121  2148  2163  2174  2225  2303
  2314  2316  2338  2356  2391  2491  2521  2544  2545  2580  2595  2640
  2677  2682  2685  2767  2773  2784  2795  2814  2829  2841  2861  2864
  2879  2917  2934  2937  2940  2952  2994  2999  3036  3075  3097  3125
  3173  3178  3179  3221  3234  3238  3249  3251  3283  3290  3345  3358
  3381  3409  3442  3449  3453  3487  3490  3491  3500  3504  3526  3532
  3593  3616  3640  3653  3664  3702  3727  3736  3760  3782  3804  3845
  3896  3914  3921  3927  3941  3948  3960  3983  4015  4027  4051  4074
  4082  4108  4111  4112  4162  4169  4182  4193  4195  4200  4232  4241
  4242  4265  4357  4359  4371  4398  4509  4518  4555  4567  4579  4585
  4591  4603  4631  4674  4700  4701  4707  4740  4746  4790  4795  4871
  4902  4915  4919  4938  4961  4983  4995  5003  5055  5097  5116  5136
  5170  5181  5197  5224  5229  5278  5282  5284  5293  5314  5319  5336
  5349  5355  5377  5406  5420  5446  5456  5471  5474  5552  5591  5627
  5652  5658  5709  5730  5760  5793  5801  5815  5838  5841  5853  5881
  5907  5929  5933  5980  5994  5998  5999  6020  6022  6049  6059  6133
  6162  6165  6188  6242  6290  6294  6315  6358  6368  6380  6393  6431
  6440  6490  6491  6497  6518  6558  6561  6574  6604  6609  6630  6649
  6682  6692  6713  6714  6720  6729  6730  6746  6762  6775  6787  6807
  6825  6831  6853  6970  6991  7002  7020  7029  7070  7084  7129  7203
  7204  7221  7228  7233  7245  7251  7286  7371  7374  7376  7380  7398
  7415  7421  7427  7434  7473  7479  7489  7531  7532  7551  7585  7586
  7611  7649  7651  7659  7669  7708  7724  7748  7767  7776  7784  7792
  7823  7849  7921  7953  7976  7990  7991  7996  8009  8010  8029  8030
  8041  8044  8058  8061  8068  8073  8087  8094  8124  8157  8161  8195
  8217  8219  8223  8234  8256  8312  8340  8352  8373  8383  8399  8416
  8420  8424  8439  8442  8471  8477  8479  8519  8524  8558  8569  8626
  8629  8656  8659  8667  8669  8688  8745  8758  8770  8776  8783  8805
  8820  8824  8825  8833  8857  8868  8875  8885  8922  8932  8941  8966
  8987  9007  9008  9012  9014  9043  9125  9138  9141  9156  9168  9174
  9181  9201  9209  9211  9237  9240  9256  9277  9288  9291  9340  9372
  9401  9413  9443  9513  9571  9572  9576  9587  9592  9604  9608  9621
  9671  9682  9697  9698  9716  9751  9766  9822  9840  9886  9888  9892
  9901  9909  9934  9954  9983 10012 10030 10034 10039 10041 10064 10106
 10126 10141 10150 10183 10190 10232 10244 10247 10250 10254 10288 10295
 10324 10338 10360 10367 10385 10407 10412 10413 10440 10452 10476 10517
 10526 10528 10573 10595 10608 10639 10641 10642 10652 10702 10703 10781
 10802 10857 10866 10903 10908 10917 10918 10924 10961 10989 11019 11023
 11031 11044 11048 11067 11078 11090 11125 11136 11150 11163 11253 11272
 11282 11283 11319 11334 11377 11381 11390 11421 11426 11435 11438 11455
 11460 11468 11477 11485 11500 11506 11509 11573 11611 11622 11627 11680
 11710 11733 11737 11749 11766 11787 11807 11848 11869 11889 11924 11927
 11928 11974 12016 12021 12042 12085 12099 12110 12143 12153 12219 12222
 12265 12279 12288 12297 12305 12325 12341 12352 12361 12370 12393 12404
 12422 12441 12483 12486 12490 12576 12617 12619 12631 12636 12644 12672
 12681 12687 12711 12723 12745 12753 12765 12809 12811 12816 12827 12836
 12845 12847 12869 12872 12907 12911 12936 12943 12952 12967 12970 12984
 12991 13027 13047 13100 13101 13115 13140 13159 13161 13169 13216 13217
 13234 13244 13250 13287 13330 13344 13373 13416 13426 13427 13432 13482
 13494 13495 13497 13502 13548 13598 13607 13608 13619 13624 13625 13631
 13639 13659 13667 13684 13689 13690 13703 13704 13710 13756 13768 13769
 13779 13788 13801 13836 13839 13881 13884 13888 13900 13940 14018 14061
 14090 14208 14285 14286 14288 14316 14318 14380 14385 14412 14414 14463
 14500 14511 14514 14517 14531 14551 14559 14566 14597 14609 14612 14616
 14643 14658 14660 14696 14718 14722 14742 14746 14776 14779 14790 14796
 14829 14830 14837 14843 14845 14858 14871 14894 14900 14904 14916 14929
 14937 14942 14964 14970 14985 15005 15010 15012 15057 15087 15107 15136
 15140 15181 15211 15219 15227 15253 15254 15266 15279 15281 15292 15308
 15316 15363 15370 15374 15386 15392 15409 15422 15445 15461 15471 15475
 15509 15534 15537 15543 15550 15577 15578 15648 15650 15667 15679 15687
 15699 15723 15755 15771 15790 15817 15834 15835 15894 15911 15986 15997
 16010 16020 16047 16070 16133 16181 16196 16199 16215 16235 16240 16241
 16263 16275 16291 16306 16321 16331 16356 16360 16385 16390 16422 16435
 16485 16496 16533 16554 16571 16574 16575 16613 16631 16647 16666 16697
 16718 16720 16741 16746 16754 16766 16787 16790 16797 16826 16868 16918
 16946 16979 17033 17040 17042 17046 17049 17059 17073 17076 17083 17131
 17135 17175 17187 17197 17228 17237 17265 17317 17396 17473 17510 17538
 17564 17572 17575 17600 17617 17622 17626 17670 17691 17705 17711 17731
 17733 17769 17786 17791 17810 17819 17844 17856 17868 17897 17917 17938
 17941 17957 17985 17986 18012 18022 18075 18099 18103 18115 18118 18121
 18158 18193 18217 18219 18234 18252 18274 18278 18308 18342 18348 18359
 18382 18401 18404 18412 18487 18494 18515 18552 18563 18565 18581 18610
 18617 18619 18634 18643 18644 18666 18722 18729 18776 18780 18786 18831
 18845 18866 18896 18903 18940 18948 18960 18963 18969 18978 18984 19008
 19021 19059 19064 19088 19094 19123 19135 19136 19156 19199 19201 19212
 19220 19229 19247 19351 19376 19395 19402 19466 19482 19509 19527 19530
 19546 19553 19567 19568 19599 19600 19601 19616 19647 19662 19675 19703
 19715 19734 19736 19759 19780 19825 19826 19889 19896 19911 19921 19934
 19955 19976 19981 19997 20009 20023 20025 20053 20060 20098 20109 20114
 20124 20127 20135 20166 20175 20188 20197 20206 20257 20258 20262 20264
 20347 20371 20396 20419 20442 20451 20507 20554 20566 20577 20580 20612
 20656 20679 20708 20737 20749 20821 20833 20838 20849 20929 20947 20951
 20964 20967 20976 20987 21028 21034 21085 21088 21095 21096 21104 21109
 21143 21155 21168 21175 21188 21191 21203 21260 21274 21308 21325 21353
 21435 21474 21494 21495 21531 21543 21598 21599 21616 21632 21660 21673
 21713 21741 21759 21793 21874 21917 21922 21924 21928 21942 21946 21985
 21994 22004 22017 22035 22058 22071 22083 22084 22095 22121 22130 22133
 22180 22231 22233 22251 22257 22275 22287 22289 22305 22318 22330 22331
 22338 22344 22347 22349 22361 22390 22393 22394 22419 22424 22483 22512
 22516 22524 22543 22590 22596 22611 22614 22617 22619 22628 22658 22684
 22699 22711 22747 22774 22775 22790 22815 22898 22923 22952 23009 23033
 23102 23167 23174 23214 23216 23232 23241 23271 23300 23323 23349 23367
 23373 23375 23395 23426 23451 23469 23471 23483 23486 23490 23500 23502
 23545 23560 23574 23592 23598 23645 23664 23669 23684 23687 23715 23765
 23772 23780 23781 23784 23797 23811 23820 23843 23853 23876 23892 23907
 23935 23965 23988 24024 24028 24051 24052 24088 24113 24115 24132 24169
 24174 24185 24210 24213 24218 24227 24245 24257 24264 24377 24422 24446
 24453 24465 24485 24512 24525 24640 24641 24651 24653 24654 24668 24676
 24682 24704 24714 24759 24764 24797 24808 24821 24844 24852 24855 24866
 24905 24906 24918 24971 25008 25031 25035 25052 25115 25116 25126 25144
 25151 25160 25172 25188 25197 25276 25277 25299 25302 25303 25347 25350
 25352 25368 25370 25381 25383 25404 25429 25453 25459 25470 25488 25500
 25518 25529 25544 25552 25565 25607 25609 25625 25632 25635 25678 25697
 25715 25717 25747 25777 25780 25807 25860 25871 25882 25885 25912 25927
 25940 25995 25998 26043 26092 26112 26163 26206 26238 26239 26257 26273
 26276 26288 26289 26290 26320 26332 26348 26448 26476 26511 26526 26543
 26547 26549 26573 26586 26591 26645 26684 26720 26735 26783 26800 26827
 26834 26844 26896 26907 26939 27032 27046 27047 27064 27071 27117 27160
 27177 27184 27193 27197 27198 27207 27233 27278 27281 27282 27350 27351
 27355 27360 27374 27379 27397 27419 27435 27466 27470 27473 27478 27503
 27508 27513 27518 27519 27563 27611 27672 27676 27703 27707 27718 27750
 27754 27762 27773 27774 27786 27788 27794 27796 27815 27822 27826 27850
 27853 27872 27875 27906 27907 27913 27919 27964 27966 27969 27971 27975
 27995 28017 28040 28077 28088 28129 28140 28159 28161 28231 28247 28318
 28336 28344 28363 28372 28390 28398 28414 28424 28433 28437 28442 28450
 28467 28508 28568 28579 28610 28618 28629 28645 28664 28680 28690 28709
 28727 28749 28764 28827 28848 28854 28857 28872 28875 28899 28921 28930
 28948 28972 28992 28998 29023 29038 29040 29078 29089 29093 29106 29124
 29132 29150 29173 29215 29231 29274 29305 29312 29318 29353 29354 29372
 29376 29382 29383 29395 29421 29444 29484 29510 29515 29529 29530 29538
 29608 29622 29626 29635 29655 29673 29676 29700 29721 29725 29738 29768
 29782 29787 29790 29803 29807 29837 29846 29854 29867 29870 29892 29905
 29907 29920 29945 29965 29997 29998 30011 30033 30077 30087 30093 30101
 30112 30156 30179 30180 30192 30206 30210 30220 30227 30249 30253 30282
 30302 30315 30337 30356 30369 30372 30374 30377 30417 30436 30463 30469
 30519 30523 30532 30549 30560 30571 30576 30578 30617 30626 30653 30684
 30719 30761 30779 30795 30850 30852 30854 30896 30909 30959 30978 30991
 31001 31067 31093 31095 31107 31125 31153 31162 31198 31224 31246 31268
 31281 31285 31301 31325 31346 31349 31405 31443 31445 31450 31470 31476
 31490 31497 31513 31516 31550 31560 31580 31581 31583 31585 31622 31633
 31648 31669 31694 31713 31724 31752 31776 31789 31795 31812 31816 31838
 31846 31887 31888 31894 31919 31928 31958 31970 31976 31980 31982 32021
 32024 32029 32043 32046 32056 32112 32124 32132 32150 32198 32207 32210
 32233 32246 32264 32276 32294 32295 32308 32361 32385 32402 32426 32441
 32465 32490 32502 32545 32594 32647 32668 32683 32705 32737 32745 32776
 32792 32793 32824 32832 32833 32876 32889 32923 32929 32933 32937 32964
 32987 33021 33028 33034 33037 33057 33073 33079 33087 33111 33124 33139
 33157 33167 33173 33195 33205 33233 33242 33267 33269 33287 33293 33322
 33341 33366 33372 33374 33377 33412 33426 33441 33452 33462 33472 33497
 33506 33511 33520 33523 33525 33534 33564 33621 33630 33649 33666 33686
 33724 33733 33735 33747 33761 33765 33812 33826 33856 33943 33977 33980
 33996 34017 34094 34112 34116 34120 34157 34159 34193 34247 34253 34265
 34269 34284 34291 34309 34311 34362 34364 34373 34389 34393 34432 34437
 34445 34451 34507 34510 34517 34552 34570 34578 34594 34625 34637 34646
 34648 34666 34670 34687 34728 34740 34742 34743 34762 34868 34888 34889
 34892 34898 34938 34940 34971 34989 35004 35011 35014 35016 35032 35041
 35046 35050 35058 35064 35088 35133 35139 35151 35152 35217 35256 35266
 35272 35273 35276 35312 35319 35362 35370 35372 35387 35394 35407 35456
 35491 35533 35534 35537 35545 35562 35567 35614 35620 35639 35692 35701
 35706 35712 35721 35725 35743 35757 35770 35782 35789 35805 35841 35859
 35864 35865 35893 35931 35946 35953 35959 35969 35989 36002 36055 36063
 36095 36113 36185 36206 36207 36211 36238 36273 36287 36337 36344 36364
 36377 36433 36467 36495 36501 36559 36578 36584 36589 36611 36621 36624
 36638 36680 36681 36687 36690 36696 36705 36716 36738 36742 36748 36805
 36815 36816 36824 36826 36832 36847 36869 36923 36928 36943 36949 36986
 37000 37054 37083 37091 37095 37098 37099 37124 37142 37143 37189 37240
 37244 37257 37267 37283 37297 37325 37337 37341 37352 37355 37357 37385
 37388 37398 37406 37440 37467 37473 37515 37553 37607 37624 37680 37681
 37710 37723 37735 37745 37768 37774 37818 37840 37923 37957 37995 38020
 38073 38076 38080 38083 38091 38092 38096 38126 38168 38190 38233 38265
 38287 38304 38306 38313 38354 38375 38397 38453 38458 38487 38503 38519
 38521 38535 38566 38574 38609 38615 38622 38623 38630 38715 38731 38734
 38855 38861 38878 39026 39041 39070 39073 39081 39095 39109 39117 39173
 39230 39290 39303 39333 39348 39362 39374 39402 39412 39419 39442 39461
 39463 39506 39528 39539 39548 39572 39577 39604 39608 39620 39627 39652
 39713 39753 39763 39769 39773 39778 39780 39799 39802 39814 39834 39911
 39926 39930 39954 39962 39965 39974 39981]
