n_samples: 200
seed: 624537
non_signal_voltage: {non_signal_voltage}
voltage_decoy: {voltage_decoy}
voltage: {voltage}
voltage_decoy_sup: {voltage_decoy_sup}
voltage_sup: {voltage_sup}
len_wrong_detections_z: 1
len_wrong_detections_x: 0
total_amount_detections: 0
amount_Z_detections: 0
amount_XP_detections: 0
qber: 0
phase_error_rate: 0
raw_key_rate: 0.0
gain_XP_norm: 0.0
gain_XP_dec: 0.0
gain_Z_norm: 0.0
gain_Z_dec: 0.0
calc_mean_photon_nr_eam: [0.69692587 0.72071676 0.7080842  0.66756216 0.10553338 0.7469057
 0.68239203 0.71296541 0.68422896 0.69774691 0.66719135 0.67819875
 0.68761333 0.69350236 0.7054611  0.70120619 0.65795608 0.67880772
 0.65869824 0.74200393 0.6986105  0.66352356 0.72505143 0.69728755
 0.691627   0.71244018 0.70170976 0.70328955 0.65647869 0.66695059
 0.71574318 0.698218   0.70218829 0.66453619 0.6734325  0.7013517
 0.69358064 0.69400681 0.64281207 0.69973067 0.70489639 0.66425052
 0.66757698 0.7039265  0.68438048 0.68068004 0.70497929 0.67796315
 0.68117723 0.70854344 0.72721446 0.10215154 0.70296796 0.0997912
 0.65217228 0.67339099 0.69228273 0.66499919 0.6649155  0.72540019
 0.10440409 0.71366618 0.72269226 0.10149016 0.66155513 0.71689945
 0.70762517 0.69236093 0.71201534 0.69904037 0.7178914  0.67958611
 0.73262086 0.71622492 0.74273301 0.7012485  0.73213293 0.71083062
 0.72140106 0.10921603 0.67198414 0.70261502 0.72843017 0.70244314
 0.70979736 0.71569803 0.74426606 0.6324349  0.72863026 0.70189251
 0.69302944 0.71200567 0.69855062 0.09920774 0.65929137 0.72171139
 0.71809167 0.65969706 0.709807   0.67469573 0.67546278 0.71564302
 0.69210087 0.67131185 0.64948279 0.69070298 0.67717232 0.66602701
 0.6787549  0.66320868 0.74477925 0.65375371 0.75553778 0.64335354
 0.68588371 0.71208864 0.68739678 0.72022824 0.70222149 0.70759413
 0.73051027 0.67428965 0.69180983 0.65060384 0.66513962 0.70571711
 0.68226184 0.65554771 0.75721686 0.6196708  0.68665245 0.67270031
 0.69945935 0.71539877 0.71473062 0.66857505 0.65756554 0.70492716
 0.66426039 0.68117948 0.70554052 0.65487864 0.69950791 0.6720188
 0.70443559 0.67231484 0.10396662 0.70505106 0.65493341 0.69336725
 0.70034259 0.67162039 0.68856994 0.70227338 0.71828334 0.68172274
 0.71346572 0.63782722 0.10270568 0.69051008 0.67851566 0.68361255
 0.70043525 0.68500203 0.71243115 0.73866796 0.67679228 0.66997227
 0.10216304 0.71652293 0.67636263 0.6976998  0.72639636 0.66904764
 0.70311009 0.72755997 0.65569707 0.65471976 0.67992097 0.71547342
 0.66021694 0.10799409 0.10776392 0.67076356 0.67698106 0.67842387
 0.70620461 0.71611325 0.69964067 0.71496084 0.70345486 0.65366734
 0.67424543 0.68791793 0.67315075 0.70825541 0.09468681 0.70924826
 0.68579914 0.66407501]
calc_mean_photon_nr_detector_x: [0.08048969 0.08381955 0.08399439 0.07252397 0.01382624 0.08157443
 0.07692102 0.07838264 0.08088197 0.07630328 0.0777037  0.07645613
 0.07927302 0.08087719 0.07950205 0.08069581 0.07666243 0.08051046
 0.071445   0.08530426 0.0827289  0.07310977 0.07924854 0.08273464
 0.07497899 0.08205257 0.08174747 0.08333297 0.0712049  0.07721321
 0.08319862 0.08293029 0.07676575 0.07492874 0.0796744  0.07712237
 0.07631953 0.07586594 0.07658361 0.07584718 0.0812121  0.07485351
 0.07705704 0.07933761 0.07910528 0.07913836 0.0836616  0.07351362
 0.07878558 0.08387532 0.0790061  0.01256766 0.07631569 0.01245674
 0.07352519 0.07962126 0.07571434 0.07494106 0.07697389 0.0821906
 0.01366837 0.07847797 0.07853057 0.01208941 0.07455734 0.08251104
 0.08265458 0.08063259 0.08023385 0.080729   0.08351897 0.07930947
 0.08546701 0.08501824 0.08110615 0.07904243 0.08448647 0.0800578
 0.07927468 0.01452489 0.07287145 0.0810688  0.08485647 0.08187438
 0.08287271 0.08352833 0.08777647 0.0693451  0.08477796 0.08170098
 0.08092901 0.08448117 0.07583655 0.01237647 0.07705349 0.08133129
 0.0827181  0.07690537 0.08257227 0.07607548 0.07878987 0.08477211
 0.07611496 0.07348567 0.07319911 0.08149957 0.07450818 0.07224373
 0.07812882 0.07752676 0.08392507 0.07564256 0.08786464 0.07254821
 0.07546668 0.07831779 0.07941973 0.08529817 0.07611613 0.08166957
 0.08637744 0.0737952  0.07796943 0.07503082 0.07771644 0.08357392
 0.07458868 0.07689431 0.08531026 0.06827708 0.0792474  0.07580837
 0.08080361 0.08343033 0.0844325  0.07313099 0.07700286 0.08194714
 0.07892324 0.07497612 0.07713481 0.07788981 0.07649362 0.07839184
 0.08209094 0.07663665 0.01275994 0.0764294  0.07553693 0.08235477
 0.07591551 0.07938254 0.07530746 0.08210007 0.08357187 0.07958143
 0.08041142 0.070216   0.0130598  0.08044671 0.07937017 0.07698775
 0.08074108 0.08127858 0.07835645 0.08112765 0.0740563  0.0760347
 0.01172263 0.07875894 0.07443563 0.08068361 0.08439713 0.07949412
 0.07734003 0.07884573 0.07216117 0.07209304 0.08043648 0.07816365
 0.07497732 0.01257018 0.01401005 0.0734045  0.07633347 0.07822968
 0.08387455 0.07760968 0.08266695 0.0785876  0.07625936 0.07544276
 0.07871415 0.08143164 0.0737049  0.07978283 0.01088108 0.0815456
 0.08133954 0.07271798]
Z0_sent_norm: 46
Z0_sent_dec: 3
Z1_sent_norm: 49
Z1_sent_dec: 3
XP_sent_norm: 92
XP_sent_dec: 7
execution_time_run: 19.039164304733276
time_simulating_signal: 13.29762315750122
time_eam: 13.6533362865448
