function_used: hist_x
n_samples: None
seed: None
non_signal_voltage: None
voltage_decoy: None
voltage: None
voltage_decoy_sup: None
voltage_sup: None
p_indep_x_states_non_dec: None
p_indep_x_states_dec: None
hist_x: [ 0  0  0  0  0  0  1  0  0  0  1  0  0  0  0  0  0  0  0  1  2  2  2  1
  2  2  0  0  0  0  0  0  0  0  1  1  5  3  1  0  1  0  0  0  0  0  0  0
  0  0  3  7  5  3  4  1  0  0  0  0  0  0  0  0  0  1  0  0  1  2  1  0
  0  0  0  0  0  0  0  2  1  5  4  7  3  1  0  0  0  0  0  0  0  0  0  1
  2  3  1  0  1  0  0  0  0  0  0  0  0  2  4  4  7  6  2  2  0  0  0  0
  0  0  0  0  0  3  3  1  0  0  1  0  0  0  0  0  0  0  0  0  0  0  0  0
  0  0  0  0  0  0  0  0  0  0  0  0  0  0  0  0  0  0  0  0  0  0  0  0
  1  0  1  6  4  6  3  1  0  0  0  0  0  0  0  0  0  0  0  0  0  0  0  0
  0  0  0  0  0  0  0  0  0  0  0  0  0  0  0  0  0  0  0  0  0  0  0  0
  0  0  0  0  0  0  0  0  0  0  0  0  1  0  1  1  0  0  0  0  0  0  0  0
  0  0  0  0  0  0  0  0  0  0  0  0  0  0  0  0  0  0  0  0  0  1  0  0
  0  0  0  0  0  0  0  0  0  0  0  0  0  0  0  0  0  0  0  0  0  0  0  0
  0  0  0  0  1  0  1  0  0  0  0  0  0  0  0  0  0  0  0  0  0  0  0  0
  0  0  0  0  0  0  0  0  0  0  0  0  0  0  0  0  0  0  0  0  0  0  0  1
  0  0  2  0  0  1  0  0  0  0  0  0  0  0  1  2  3  1  1  0  0  0  0  0
  0  0  0  0  0  1  0  8  3  7  2  2  0  0  0  0  0  0  0  0  1  5 12  9
  5  2  0  0  0  0  0  0  0  2  2  2  2  1  0  0  1  0  0  0  0  0  0  0
  0  0  0  0  0  0  0  0  0  0  0  0  0  0  0  0  0  2  0  0  1  1  2  1
  0  0  0  0  0  0  0  0  2  0  7  2  2  0  0  0  0  0  0  0  0  0  0  2
  1  0  0  0  0  0  0  0  0  0  0  0  0  0  0  0  0  0  0  0  0  0  0  0
  0  0  0  0  0  1  0  0  1  0  0  0  0  0  0  0  0  0  0  0  0  0  1  1
  1  1  0  0  0  0  0  0  0  0  0  0  1  0  0  0  0  0  0  0  0  0  0  0
  0  0  0  1  0  0  0  0  0  0  0  0  0  0  0  0  0  0  0  0  0  0  1  0
  0  0  0  0  0  0  0  0  1  0  1  0  0  0  0  0  0  0  0  0  0  0  0  0
  1  0  0  0  0  0  0  0  0  0  0  0  0  0  0  0  0  0  0  0  0  0  0  0
  0  0  0  0  0  1  1  1  0  0  2  0  0  0  0  0  0  0  0  0  0  0  0  0
  0  0  0  0  0  0  0  0  0  0  0  0  0  0  0  0  0  0  0  0  0  0  0  0
  0  0  0  0  0  0  0  0  0  0  0  0  0  0  0  0  0  0  1  0  0  0  0  0
  0  0  0  0  0  0  0  0  0  0  2  0  0  0  0  0  0  0  0  0  0  0  0  0
  0  0  0  0  0  0  0  0  0  0  0  0  0  0  0  0  0  0  0  0  0  0  0  0
  0  0  0  0  1  0  1  0  2  0  0  0  0  0  0  0  0  0  0  0  0  0  0  0
  0  0  0  0  0  0  0  0  0  0  0  0  0  1  0  0  0  0  0  0  0  0  0  0
  0  0  0  0  0  0  0  0  0  0  0  0  0  0  0  0  0  0  0  0  0  0  0  0
  0  0  0  0  0  0  0  0  0  0  0  0  0  0  0  0  0  0  0  0  0  0  0  0
  0  0  0  0  0  0  0  0  0  0  0  0  0  0  0  0  0  0  0  0  0  0  0  0
  0  0  0  0  0  0  0  0  0  0  0  0  0  0  0  0  0  0  0  0  0  0  0  0
  0  0  0  0  0  0  0  0  0  0  1  0  0  0  0  0  0  0  0  0  0  0  0  0
  0  0  0  0  0  0  0  0  0  0  0  0  0  0  0  0  0  0  0  0  0  0  0  0
  0  0  0  0  0  0  0  0  0  0  0  0  0  0  0  0  0  0  0  0  0  0  0  0
  0  0  0  0  0  0  0  0  0  0  0  0  0  0  0  0  0  0  0  0  0  0  0  0
  0  0  0  0  0  0  0  0  0  0  0  0  0  0  0  0  0  0  0  0  0  0  0  0
  0  0  0  0  0  0  0  0  0  0  0  0  0  0  0  0  0  0  0  0  0  0  0  0
  0  0  0  0  0  0  0  0  0  0  0  0  0  0  0  0  0  0  0  0  0  0  0  0
  0  0  0  0  0  0  0  0  0  0  0  0  0  0  0  0  0  0  0  0  0  0  0  0
  1  0  0  0  0  0  0  0  0  0  0  0  0  0  0  0  0  0  0  0  0  0  0  0
  0  0  0  0  1  0  0  0  0  0  1  0  0  0  0  0  0  0  0  1  1  0  1  0
  0  0  0  0  0  0]
hist_x_sum: 282
time_photons_det_x: [[4.31969723e-10]
 [4.63974498e-10]
 [1.94820311e-10]
 [1.71459758e-10]
 [4.51076090e-10]
 [8.39908305e-11]
 [1.55072907e-10]
 [4.85610761e-10]
 [4.54717543e-10]
 [4.89417543e-10]
 [4.39138651e-10]
 [4.82396021e-10]
 [2.09409170e-10]
 [4.55689239e-10]
 [4.54784464e-10]
 [4.61925502e-10]
 [4.66387647e-10]
 [4.58790830e-10]
 [4.62468131e-10]
 [1.41289239e-10]
 [4.68038651e-10]
 [3.84253391e-10]
 [4.74289239e-10]
 [4.86890830e-10]
 [4.23989239e-10]
 [1.59441834e-10]
 [4.41009170e-10]
 [4.68713945e-10]
 [4.50017128e-10]
 [4.46138651e-10]
 [1.25256574e-10]
 [4.50727093e-10]
 [5.02074498e-10]
 [5.15881280e-10]
 [5.32715536e-10]
 [4.40518720e-10]
 [4.83527093e-10]
 [1.52530277e-10]
 [4.53458166e-10]
 [4.55123910e-10]
 [4.97328685e-10]
 [4.75581280e-10]
 [4.24741834e-10]
 [4.83331869e-10]
 [1.08387647e-10]
 [4.58112353e-10]
 [1.46462941e-10]
 [1.84643426e-10]
 [1.44491246e-10]
 [1.90233460e-10]
 [4.83587647e-10]
 [8.06844637e-11]
 [4.15164533e-10]
 [4.16738651e-10]
 [4.48530277e-10]
 [4.89787647e-10]
 [5.18803979e-10]
 [5.11013945e-10]
 [1.42154983e-10]
 [1.36233460e-10]
 [1.37015536e-10]
 [4.40169723e-10]
 [1.39461349e-10]
 [4.51227093e-10]
 [1.51671315e-10]
 [1.23886055e-10]
 [2.23233460e-10]
 [1.09558166e-10]
 [1.34350208e-10]
 [4.08809170e-10]
 [4.34341834e-10]
 [5.06999204e-10]
 [4.25182872e-10]
 [1.06699204e-10]
 [4.79169723e-10]
 [1.01517128e-10]
 [1.21417128e-10]
 [4.15469723e-10]
 [4.43497612e-10]
 [4.22510761e-10]
 [4.63225502e-10]
 [1.40010761e-10]
 [4.47269723e-10]
 [1.04746609e-10]
 [5.02803979e-10]
 [4.67899204e-10]
 [4.92317128e-10]
 [1.79643426e-10]
 [2.10781280e-10]
 [4.69499204e-10]
 [1.04417128e-10]
 [4.35202388e-10]
 [4.72625502e-10]
 [4.79159758e-10]
 [1.56940242e-10]
 [4.85258166e-10]
 [4.68658166e-10]
 [4.36090830e-10]
 [2.24972907e-10]
 [4.21323910e-10]
 [9.62466090e-11]
 [5.25433460e-10]
 [4.88856574e-10]
 [4.84213945e-10]
 [3.90492422e-10]
 [4.98051799e-10]
 [1.07194429e-10]
 [4.44015536e-10]
 [5.03925502e-10]
 [5.19600796e-10]
 [1.43799204e-10]
 [4.06182872e-10]
 [4.27682872e-10]
 [2.15928685e-10]
 [1.69053391e-10]
 [4.55115536e-10]
 [4.92602388e-10]
 [2.31646609e-10]
 [2.33599204e-10]
 [1.62458166e-10]
 [1.94013945e-10]
 [5.09705571e-10]
 [4.41818720e-10]
 [5.00123910e-10]
 [4.54058166e-10]
 [4.71861349e-10]
 [1.71797612e-10]
 [4.52828685e-10]
 [5.09054983e-10]
 [2.15212353e-10]
 [4.71825502e-10]
 [4.55568131e-10]
 [1.84399204e-10]
 [1.32992837e-10]
 [1.22579689e-10]
 [4.54602388e-10]
 [1.69364948e-10]
 [1.88928685e-10]
 [4.56727093e-10]
 [2.09618720e-10]
 [4.48690830e-10]]
index_where_photons_det_x: [  201   633   724   902   996  1217  1244  1309  1656  1874  1923  2206
  2368  2407  2533  2679  2802  3090  3767  3891  4006  4378  4851  5052
  5636  5765  6023  6144  6463  6482  6863  7031  7034  7083  7166  7437
  7587  7647  7715  7821  7860  7872  8279  8409  8435  8595  8637  8827
  9060  9113  9162  9168  9206  9512  9840 10064 10217 10285 10781 10827
 10879 10905 10968 11086 11095 11130 11151 11181 11340 11349 11582 11870
 11964 12039 12213 12401 12413 12512 12656 12703 12707 12914 13050 13210
 13368 13403 13410 13794 13871 13931 14264 14448 14585 14659 14808 14855
 14893 14914 14937 14951 15010 15032 15056 15483 15570 15630 15674 15679
 15848 15860 15977 16081 16179 16196 16271 16362 16372 16427 16760 16830
 16868 16913 16927 17036 17069 17076 17079 17155 17161 18170 18271 18417
 18521 18553 18601 18971 19337 19375 19506 19615 19654]
