wrong_detections_z: [  10   12  166  188  207  213  243  308  432  521  688  796  867  932
  954 1110 1150 1228 1240 1395 1430 1643 1794 1878 1953 2085 2105 2177
 2193 2271 2275 2297 2347 2353 2507 2541 2628 2656 2706 2707 2716 2759
 2829 2883 2894 2919 2998 3007 3008 3111 3414 3423 3448 3753 3790 3935
 4009 4029 4084 4092 4155 4176 4177 4196 4231 4277 4293 4316 4342 4364
 4401 4437 4464 4498 4601 4636 4639 4693 4697 4759 4760 4774 4957 4969
 5025 5073 5167 5239 5265 5305 5424 5439 5452 5458 5556 5599 5709 5750
 6004 6019 6100 6124 6173 6624 6696 6728 6886 6948 7037 7078 7099 7115
 7182 7306 7464 7748 7928 8050 8093 8095 8099 8204 8208 8310 8335 8354
 8363 8391 8492 8506 8543 8579 8586 8657 8681 8715 8773 8785 8794 8804
 8838 8865 8879 8978 8985 9019 9171 9231 9293 9297 9388 9501 9507 9509
 9529 9585 9861 9864]
wrong_detections_x: [   7   44   94  126  158  181  184  197  246  340  348  353  355  360
  373  388  430  462  477  502  507  539  541  556  568  628  630  670
  708  712  789  823  824  872  918  934  948  964  992  996 1068 1229
 1306 1356 1391 1440 1451 1484 1508 1834 1906 2042 2043 2100 2165 2195
 2288 2325 2414 2434 2529 2533 2548 2632 2715 2758 2900 2928 2938 2979
 2999 3246 3361 3399 3552 3616 3709 3720 3843 3905 3906 4023 4030 4042
 4067 4081 4086 4096 4123 4148 4154 4197 4227 4233 4243 4275 4323 4334
 4502 4516 4517 4558 4582 4663 4702 4740 4743 4796 4803 4824 4903 4922
 4986 4991 5058 5090 5101 5114 5145 5221 5265 5297 5304 5451 5484 5485
 5554 5710 5733 5813 5814 5894 5943 6049 6066 6114 6160 6215 6244 6250
 6251 6259 6305 6315 6371 6416 6423 6429 6443 6478 6481 6514 6536 6674
 6734 6821 6822 6835 6888 6906 6929 6952 7013 7048 7062 7113 7124 7131
 7293 7357 7385 7503 7512 7520 7588 7639 7688 7952 7971 7985 8001 8045
 8073 8079 8122 8175 8185 8194 8206 8219 8256 8297 8310 8338 8345 8354
 8405 8502 8505 8514 8568 8570 8606 8613 8690 8758 8762 8855 8881 8937
 9060 9187 9211 9288 9307 9407 9525 9553 9674 9680 9690 9722 9747 9755
 9798 9799 9847 9884]
total_amount_detections: 202
amount_Z_detections: 76
amount_XP_detections: 126
qber: 31.6
raw_key_rate: 32830336.530645423
gain_XP_norm: 0.017399063127370065
gain_XP_dec: 0.0973630831643002
gain_Z_norm: 0.015711440584200043
gain_Z_dec: 0.009900990099009901
calc_mean_photon_nr_detector_x: [0.0967894  0.12864478 0.11734326 ... 0.05286209 0.05958726 0.10540948]
execution_time_run: 82.81289839744568
time_simulating_signal: 63.90603590011597
time_eam: 76.03273630142212
n_samples: 10000
seed: 45
