n_samples: 200
seed: 624537
non_signal_voltage: {non_signal_voltage}
voltage_decoy: {voltage_decoy}
voltage: {voltage}
voltage_decoy_sup: {voltage_decoy_sup}
voltage_sup: {voltage_sup}
len_wrong_detections_z: 1
len_wrong_detections_x: 1
total_amount_detections: 0
amount_Z_detections: 0
amount_XP_detections: 0
qber: 0
phase_error_rate: 0
raw_key_rate: 0.0
gain_XP_norm: 0.0
gain_XP_dec: 0.0
gain_Z_norm: 0.0
gain_Z_dec: 0.0
calc_mean_photon_nr_eam: [0.69692311 0.72071665 0.70808413 0.66755951 0.10553339 0.74690274
 0.68239216 0.71296259 0.68422626 0.69774415 0.66719144 0.67819883
 0.68761062 0.69350229 0.70546114 0.70120342 0.65795608 0.67880768
 0.65869563 0.74200098 0.69861036 0.66352094 0.72504856 0.69728754
 0.69162426 0.71243734 0.70170968 0.70328948 0.6564761  0.66694795
 0.71574308 0.69821793 0.70218551 0.66453633 0.67342983 0.70134892
 0.6935779  0.69400406 0.64281213 0.6997279  0.70489359 0.66425056
 0.66757434 0.70392647 0.68437777 0.68068    0.70497921 0.67796046
 0.68117453 0.7085433  0.72721158 0.10215156 0.70296518 0.09979119
 0.65217243 0.67338833 0.69227999 0.66499934 0.66491287 0.72540012
 0.1044041  0.71366335 0.7226894  0.10149017 0.66155527 0.71689661
 0.7076251  0.69236093 0.71201537 0.6990376  0.71789131 0.67958613
 0.73262079 0.71622483 0.74273006 0.7012486  0.73213003 0.71083059
 0.72139821 0.10921604 0.67198148 0.70261222 0.72843006 0.70244313
 0.70979734 0.715698   0.74426592 0.63243244 0.72863026 0.7018925
 0.69302944 0.71200559 0.69854786 0.09920772 0.65929148 0.72171141
 0.71808882 0.65969706 0.70980698 0.67469582 0.67546286 0.71564292
 0.69209813 0.6713092  0.64948296 0.69070025 0.67716964 0.66602437
 0.67875222 0.66320868 0.74477922 0.65375113 0.75553762 0.64335367
 0.685881   0.71208582 0.68739405 0.72022806 0.7022187  0.70759132
 0.73051009 0.67428699 0.69180995 0.65060127 0.6651396  0.70571703
 0.68225914 0.65554781 0.75721681 0.61966836 0.68664973 0.67270032
 0.69945658 0.71539867 0.71473051 0.66857241 0.65756563 0.70492714
 0.66426038 0.68117679 0.70553773 0.65487869 0.69950514 0.67201889
 0.70443558 0.67231491 0.10396663 0.70504828 0.65493082 0.69336712
 0.70033981 0.67161773 0.68856722 0.70227342 0.71828331 0.68172278
 0.71346575 0.6378247  0.1027057  0.69051012 0.6785157  0.6836126
 0.70043248 0.68500192 0.71242832 0.73866503 0.6767896  0.6699724
 0.10216304 0.7165201  0.67635995 0.69769704 0.72639624 0.6690476
 0.70310731 0.72755709 0.65569447 0.65471717 0.67991827 0.71547059
 0.66021708 0.10799413 0.10776395 0.67076091 0.67698119 0.67842119
 0.70620448 0.71611041 0.6996379  0.71495801 0.70345207 0.65366476
 0.6742454  0.68791788 0.67314809 0.70825549 0.0946868  0.70924545
 0.68579904 0.66407239]
calc_mean_photon_nr_detector_x: [0.03632693 0.01490017 0.007844   0.05619603 0.00886464 0.06796361
 0.03404783 0.07276692 0.02443708 0.06344371 0.01328077 0.0340313
 0.03690738 0.01323076 0.03517054 0.03865074 0.0130191  0.0078848
 0.05580564 0.04183394 0.00874352 0.06806277 0.06581153 0.00819527
 0.05897159 0.03893994 0.0137996  0.00826524 0.05561507 0.03342026
 0.0150327  0.00778982 0.06343519 0.03294069 0.02372493 0.07106399
 0.069965   0.0618914  0.00653276 0.05976982 0.03833427 0.03239751
 0.03493436 0.03517366 0.03517646 0.01429037 0.00774671 0.05764193
 0.03476507 0.01030303 0.0619956  0.01680861 0.05954634 0.00252743
 0.03199503 0.02399144 0.0631358  0.03266692 0.03319127 0.0311789
 0.00796597 0.07295594 0.06141084 0.00915777 0.03220232 0.03948495
 0.01281788 0.01386606 0.03552858 0.03649778 0.0147034  0.01270494
 0.01384056 0.00880349 0.06735822 0.03582747 0.03889647 0.03485972
 0.07406379 0.00384856 0.05707125 0.03729398 0.01431757 0.01356786
 0.01303442 0.01332616 0.01069171 0.057677   0.01490532 0.01420961
 0.01284458 0.00833179 0.05919523 0.00253518 0.01172883 0.03587581
 0.03905764 0.01282489 0.01456474 0.03390427 0.01286942 0.009031
 0.06951534 0.06054355 0.03183507 0.02547051 0.06792953 0.05635407
 0.03731339 0.01170962 0.03740765 0.03288149 0.01581147 0.03148385
 0.0692406  0.0722727  0.03548117 0.00934    0.05999114 0.03739161
 0.00974987 0.06130539 0.03435094 0.03444372 0.01194595 0.00906114
 0.06078229 0.01039418 0.03769611 0.06137306 0.03598626 0.03291007
 0.03627379 0.01371139 0.01027722 0.05955029 0.01104064 0.01475901
 0.00747263 0.06935898 0.06331573 0.00732291 0.06339337 0.01269791
 0.01372212 0.02508677 0.01708195 0.06014254 0.034754   0.00771711
 0.05980557 0.02419415 0.06241669 0.01239503 0.01465095 0.01257503
 0.03537491 0.06392457 0.00085921 0.01352779 0.01173401 0.0331972
 0.0375476  0.00863544 0.07330139 0.07402369 0.06092519 0.02820025
 0.00314811 0.07331418 0.06806951 0.03553847 0.01547523 0.00791037
 0.0721723  0.06229989 0.06599091 0.06539424 0.0243291  0.06493149
 0.02738298 0.0021806  0.006969   0.06041798 0.03360595 0.03612067
 0.0079579  0.06129457 0.02552815 0.07269548 0.05997455 0.03429947
 0.01241974 0.00922009 0.06169667 0.03505766 0.00379234 0.03980321
 0.0078936  0.06027911]
Z0_sent_norm: 46
Z0_sent_dec: 3
Z1_sent_norm: 49
Z1_sent_dec: 3
XP_sent_norm: 92
XP_sent_dec: 7
execution_time_run: 15.319474697113037
time_simulating_signal: 9.551129817962646
time_eam: 10.006274223327637
