function_used: run_simulation_detection_tester
n_samples: 10000
seed: 98628
non_signal_voltage: -1.1
voltage_decoy: -0.17850015461444851
voltage: -0.1
voltage_decoy_sup: -0.4175719827413558
voltage_sup: -0.3769288271665573
p_indep_x_states_non_dec: None
p_indep_x_states_dec: None
p_vacuum_z: 0.8697053918843802
len_vacuum_indices_x_long: 9695
len_Z_checked_dec: 265
len_Z_checked_non_dec: 776
XP_calc_non_dec: 0.0
XP_calc_dec: 0.0
gain_Z_non_dec: 0.12419974391805377
gain_Z_dec: 0.09646887513651256
gain_X_non_dec: 0.0
gain_X_dec: 0.0
wrong_detections_z_dec: [   2    8    9   14   16   17   19   20   23   25   28   32   36   40
   42   43   48   49   51   56   57   59   60   61   62   63   65   66
   78   80   81   84   86   94   99  104  108  110  113  114  117  125
  132  134  140  141  147  150  151  152  153  154  155  157  158  160
  165  166  177  178  182  190  192  193  194  195  203  204  205  206
  217  219  224  225  230  232  245  246  247  248  249  252  256  258
  260  261  263  265  272  273  279  280  284  286  289  290  293  300
  301  302  312  313  316  317  318  319  321  322  325  328  334  337
  338  342  344  345  354  355  356  361  362  363  366  367  370  376
  377  379  383  390  392  393  394  396  401  402  408  410  416  418
  422  431  436  438  442  445  448  454  456  458  460  471  472  473
  474  476  479  481  484  485  492  493  496  498  499  505  506  507
  509  510  512  513  514  515  520  521  522  524  525  528  529  535
  540  543  545  557  561  562  568  570  572  579  581  587  594  600
  602  609  610  613  614  617  618  620  623  625  626  632  634  636
  637  639  652  656  659  661  662  667  669  671  672  673  674  680
  682  685  690  697  699  701  703  704  707  710  711  713  719  724
  730  731  733  735  738  739  740  742  744  747  749  754  757  759
  772  775  779  784  785  786  788  790  792  796  798  801  803  804
  805  808  810  819  820  825  831  833  835  836  839  846  860  867
  868  875  876  881  885  887  889  891  893  895  900  902  908  909
  910  913  916  917  918  919  934  938  946  948  950  961  969  972
  977  982  983  985  993  995  998 1001 1002 1004 1006 1007]
wrong_detections_z_non_dec: [   0    1    3    4    5    6    7   10   11   12   13   15   18   21
   22   24   26   27   29   30   31   33   34   35   37   38   39   41
   44   45   46   47   50   52   53   54   55   58   64   67   68   69
   70   71   72   73   74   75   76   77   79   82   83   85   87   88
   89   90   91   92   93   95   96   97   98  100  101  102  103  105
  106  107  109  111  112  115  116  118  119  120  121  122  123  124
  126  127  128  129  130  131  133  135  136  137  138  139  142  143
  144  145  146  148  149  156  159  161  162  163  164  167  168  169
  170  171  172  173  174  175  176  179  180  181  183  184  185  186
  187  188  189  191  196  197  198  199  200  201  202  207  208  209
  210  211  212  213  214  215  216  218  220  221  222  223  226  227
  228  229  231  233  234  235  236  237  238  239  240  241  242  243
  244  250  251  253  254  255  257  259  262  264  266  267  268  269
  270  271  274  275  276  277  278  281  282  283  285  287  288  291
  292  294  295  296  297  298  299  303  304  305  306  307  308  309
  310  311  314  315  320  323  324  326  327  329  330  331  332  333
  335  336  339  340  341  343  346  347  348  349  350  351  352  353
  357  358  359  360  364  365  368  369  371  372  373  374  375  378
  380  381  382  384  385  386  387  388  389  391  395  397  398  399
  400  403  404  405  406  407  409  411  412  413  414  415  417  419
  420  421  423  424  425  426  427  428  429  430  432  433  434  435
  437  439  440  441  443  444  446  447  449  450  451  452  453  455
  457  459  461  462  463  464  465  466  467  468  469  470  475  477
  478  480  482  483  486  487  488  489  490  491  494  495  497  500
  501  502  503  504  508  511  516  517  518  519  523  526  527  530
  531  532  533  534  536  537  538  539  541  542  544  546  547  548
  549  550  551  552  553  554  555  556  558  559  560  563  564  565
  566  567  569  571  573  574  575  576  577  578  580  582  583  584
  585  586  588  589  590  591  592  593  595  596  597  598  599  601
  603  604  605  606  607  608  611  612  615  616  619  621  622  624
  627  628  629  630  631  633  635  638  640  641  642  643  644  645
  646  647  648  649  650  651  653  654  655  657  658  660  663  664
  665  666  668  670  675  676  677  678  679  681  683  684  686  687
  688  689  691  692  693  694  695  696  698  700  702  705  706  708
  709  712  714  715  716  717  718  720  721  722  723  725  726  727
  728  729  732  734  736  737  741  743  745  746  748  750  751  752
  753  755  756  758  760  761  762  763  764  765  766  767  768  769
  770  771  773  774  776  777  778  780  781  782  783  787  789  791
  793  794  795  797  799  800  802  806  807  809  811  812  813  814
  815  816  817  818  821  822  823  824  826  827  828  829  830  832
  834  837  838  840  841  842  843  844  845  847  848  849  850  851
  852  853  854  855  856  857  858  859  861  862  863  864  865  866
  869  870  871  872  873  874  877  878  879  880  882  883  884  886
  888  890  892  894  896  897  898  899  901  903  904  905  906  907
  911  912  914  915  920  921  922  923  924  925  926  927  928  929
  930  931  932  933  935  936  937  939  940  941  942  943  944  945
  947  949  951  952  953  954  955  956  957  958  959  960  962  963
  964  965  966  967  968  970  971  973  974  975  976  978  979  980
  981  984  986  987  988  989  990  991  992  994  996  997  999 1000
 1003 1005]
wrong_detections_x_dec: []
wrong_detections_x_non_dec: []
len_wrong_z_dec: 320
len_wrong_z_non_dec: 688
len_wrong_x_dec: 0
len_wrong_x_non_dec: 0
qber_z_dec: 1.2075471698113207
qber_z_non_dec: 0.8865979381443299
qber_x_dec: -999
qber_x_non_dec: -999
raw_key_rate: 169240773.8579093
total_amount_detections: 1041.0
execution_time_run: 86.93642282485962
