n_samples: 200
seed: 624537
non_signal_voltage: {non_signal_voltage}
voltage_decoy: {voltage_decoy}
voltage: {voltage}
voltage_decoy_sup: {voltage_decoy_sup}
voltage_sup: {voltage_sup}
len_wrong_detections_z: 1
len_wrong_detections_x: 1
total_amount_detections: 0
amount_Z_detections: 0
amount_XP_detections: 0
qber: 0
phase_error_rate: 0
raw_key_rate: 0.0
gain_XP_norm: 0.0
gain_XP_dec: 0.0
gain_Z_norm: 0.0
gain_Z_dec: 0.0
calc_mean_photon_nr_eam: [0.6969278  0.72071683 0.70808425 0.66756401 0.10553336 0.74690778
 0.68239194 0.71296739 0.68423086 0.69774884 0.66719128 0.67819869
 0.68761523 0.6935024  0.70546107 0.70120813 0.65795609 0.67880775
 0.65870006 0.742006   0.69861059 0.6635254  0.72505343 0.69728756
 0.69162892 0.71244216 0.70170981 0.7032896  0.65648051 0.66695244
 0.71574326 0.69821804 0.70219024 0.66453608 0.67343436 0.70135365
 0.69358256 0.69400873 0.64281203 0.69973261 0.70489835 0.6642505
 0.66757882 0.70392653 0.68438237 0.68068007 0.70497934 0.67796503
 0.68117911 0.70854354 0.72721648 0.10215153 0.70296991 0.09979119
 0.65217216 0.67339286 0.69228464 0.66499908 0.66491734 0.72540024
 0.10440406 0.71366816 0.72269426 0.10149015 0.66155502 0.71690144
 0.70762523 0.69236092 0.71201531 0.6990423  0.71789146 0.6795861
 0.7326209  0.71622498 0.74273507 0.70124844 0.73213497 0.71083064
 0.72140306 0.10921604 0.671986   0.70261697 0.72843025 0.70244314
 0.70979738 0.71569805 0.74426616 0.63243663 0.72863025 0.70189252
 0.69302943 0.71200572 0.69855255 0.09920773 0.6592913  0.72171138
 0.71809366 0.65969706 0.70980702 0.67469567 0.67546273 0.71564309
 0.69210279 0.67131371 0.64948267 0.69070489 0.6771742  0.66602885
 0.67875678 0.66320869 0.74477926 0.65375552 0.7555379  0.64335344
 0.68588561 0.71209061 0.68739868 0.72022837 0.70222344 0.70759609
 0.7305104  0.67429152 0.69180976 0.65060563 0.66513964 0.70571717
 0.68226372 0.65554764 0.75721688 0.61967251 0.68665436 0.6727003
 0.69946129 0.71539884 0.71473069 0.6685769  0.65756547 0.70492717
 0.66426039 0.68118136 0.70554247 0.6548786  0.69950985 0.67201873
 0.70443559 0.67231479 0.10396661 0.70505302 0.65493522 0.69336734
 0.70034453 0.67162225 0.68857185 0.70227335 0.71828337 0.68172272
 0.7134657  0.63782898 0.10270568 0.69051005 0.67851563 0.68361251
 0.70043719 0.68500211 0.71243314 0.73867    0.67679415 0.66997218
 0.10216303 0.71652492 0.6763645  0.69770174 0.72639643 0.66904767
 0.70311204 0.72756198 0.65569889 0.65472158 0.67992285 0.7154754
 0.66021685 0.10799405 0.10776389 0.67076541 0.67698096 0.67842575
 0.70620471 0.71611525 0.69964261 0.71496282 0.70345681 0.65366915
 0.67424545 0.68791796 0.67315261 0.70825535 0.09468682 0.70925022
 0.68579921 0.66407685]
calc_mean_photon_nr_detector_x: [0.18191575 0.18282918 0.21039888 0.09061504 0.06630695 0.11493461
 0.13528015 0.12736239 0.21056008 0.10948636 0.17124525 0.13477428
 0.1772286  0.1799449  0.13940413 0.1783647  0.16956827 0.20174719
 0.08714168 0.18758193 0.20526618 0.122387   0.11278334 0.20802894
 0.09097068 0.18236659 0.18049082 0.20731257 0.08686017 0.17710083
 0.18081967 0.20985117 0.1093423  0.13201835 0.20848883 0.12523807
 0.12473939 0.10730647 0.19784382 0.09189508 0.18090544 0.13059135
 0.17341604 0.13935171 0.17966439 0.17229838 0.21020833 0.08939254
 0.17973964 0.20867473 0.09936699 0.0527991  0.09451038 0.04442687
 0.12908762 0.20762815 0.10896949 0.13099484 0.17637718 0.14908236
 0.06473652 0.12798414 0.09893721 0.03768853 0.13017733 0.18253528
 0.18593514 0.17771874 0.14057387 0.18240825 0.18261883 0.17734194
 0.19059744 0.21479398 0.11383551 0.13959765 0.19016501 0.13891563
 0.12843875 0.06912492 0.08868986 0.18222024 0.18727266 0.18139609
 0.18586366 0.18682159 0.2118766  0.10343023 0.18554845 0.17936993
 0.18187662 0.21239502 0.0939441  0.0440214  0.17404565 0.14248534
 0.18398293 0.170717   0.18044781 0.13443117 0.17561343 0.21090772
 0.12331411 0.10655446 0.128029   0.20994103 0.12135622 0.08813739
 0.17294269 0.17534896 0.14721997 0.17275109 0.1917142  0.12765877
 0.12326678 0.12757676 0.17982298 0.21208352 0.09220594 0.18395691
 0.21228303 0.10705935 0.13672339 0.16784816 0.17522735 0.20761306
 0.10558768 0.17817387 0.14905014 0.11252878 0.17816133 0.1323916
 0.18289866 0.18566693 0.2065452  0.10431013 0.17639164 0.17817738
 0.20027225 0.12349101 0.10958344 0.19919776 0.10954526 0.1747148
 0.18165781 0.14527517 0.0530337  0.09264975 0.16917992 0.20839208
 0.09200631 0.20664796 0.10806296 0.18582328 0.18283085 0.17826155
 0.14099082 0.11507137 0.0496011  0.17765637 0.18039031 0.13323313
 0.18027175 0.20486702 0.12845437 0.12908422 0.10668927 0.13995169
 0.02324386 0.12781895 0.12175221 0.18375746 0.18280887 0.20206846
 0.12683066 0.09527567 0.11802962 0.11832366 0.21067508 0.11044792
 0.13868441 0.02758374 0.0636559  0.10594085 0.13456316 0.17497973
 0.21221901 0.093854   0.21492403 0.1271814  0.0924806  0.1696852
 0.17641567 0.20192845 0.10803025 0.13900326 0.02260099 0.17931015
 0.20376405 0.10625544]
Z0_sent_norm: 46
Z0_sent_dec: 3
Z1_sent_norm: 49
Z1_sent_dec: 3
XP_sent_norm: 92
XP_sent_dec: 7
execution_time_run: 18.233354330062866
time_simulating_signal: 12.801014423370361
time_eam: 13.125714540481567
