function_used: hist_z
n_samples: None
seed: None
non_signal_voltage: None
voltage_decoy: None
voltage: None
voltage_decoy_sup: None
voltage_sup: None
p_indep_x_states_non_dec: None
p_indep_x_states_dec: None
hist_z: [0 0 0 0 0 0 0 0 0 0 0 0 0 0 0 0 0 0 0 0 0 0 0 0 0 0 0 0 0 0 0 0 0 0 0 0 0
 0 0 0 0 0 0 0 0 0 0 0 0 0 0 0 0 0 0 0 0 0 0 0 0 0 0 0 0 0 0 0 0 0 0 0 1 0
 1 0 0 0 1 3 3 2 2 8 1 1 3 0 0 0 0 3 2 2 0 2 4 4 0 2 3 0 0 0 0 0 0 0 0 0 0
 0 0 0 0 0 0 0 0 0 0 0 0 1 3 1 1 3 2 0 1 1 0 0 0 0 0 0 0 0 2 2 2 0 1 0 0 0
 0 0 0 0 0 0 0 0 0 0 0 0 0 0 0 0 0 0 0 0 0 0 0 0 0 0 0 0 0 0 0 0 0 0 0 0 0
 0 0 0 0 0 0 0 0 0 0 0 0 0 0 0 0 0 0 0 0 0 0 0 0 0 0 0 0 0 0 0 0 0 0 0 0 0
 0 0 0 0 0 0 0 0 0 0 0 0 0 0 0 0 0 0 0 0 0 0 0 0 0 0 0 0 0 0 0 0 0 0 0 0 0
 0 0 0 0 0 0 0 0 0 0 0 0 0 0 0 0 0 0 0 0 0 0 0 0 0 0 0 0 0 0 0 0 0 0 0 0 0
 0 0 0 0 0 0 0 0 0 0 0 0 0 0 0 0 0 0 0 0 0 0 0 0 0 0 0 0 0 0 0 0 0 0 0 0 0
 0 0 0 0 0 0 0 0 0 0 0 0 0 0 0 0 0 0 0 0 0 0 0 0 0 0 0 0 0 0 0 0 0 0 0 0 0
 0 0 0 0 0 0 0 0 0 0 0 0 0 0 0 0 0 0 0 0 0 0 0 1 2 1 1 4 2 0 1 1 0 0 0 0 0
 0 0 0 2 2 2 0 1 0 0 0 0 0 0 0 0 0 0 0 0 0 0 0 0 0 1 0 1 0 0 0 1 3 3 2 2 8
 1 1 3 0 0 0 0 0 0 0 0 0 0 0 0 0 0 0 0 0 0 0 0 0 0 0 0 0 0 0 0 0 0 0 0 0 0
 0 0 0 0 0 0 0 0 0 0 0 0 0 0 0 0 0 0 0 0 0 0 0 0 0 0 0 0 0 0 0 0 0 0 0 0 0
 0 0 0 0 0 0 0 0 0 0 0 0 0 0 0 0 0 0 0 0 0 0 0 0 0 0 0 0 0 0 0 0 0 0 0 0 0
 0 0 0 0 0 0 0 0 0 0 0 0 0 0 0 0 0 0 0 0 0 0 0 0 0 0 0 0 0 0 0 0 0 0 0 0 0
 0 0 0 0 0 0 0 0 0 0 0 0 0 0 0 0 0 0 0 0 0 0 0 0 0 0 0 0 0 0 0 0 0 0 0 0 0
 0 0 0 0 0 0 0 0 0 0 0 0 0 0 0 0 0 0 0 0 0 0 0 0 0 0 0 0 0 0 0 0 0 0 0 0 0
 0 0 0 0 0 0 0 0 0 0 0 0 0 0 0 0 0 0 0 0 0 0 0 0 0 0 0 0 0 0 0 0 0 0 0 0 0
 0 0 0 0 0 0 0 0 0 0 0 0 0 0 0 0 0 0 0 0 0 0 0 0 0 0 0 0 0 0 0 0 0 0 0 0 0
 0 0 0 0 0 0 0 0 0 0 0 0 0 0 0 0 0 0 0 0 0 0 0 0 0 0 0 0 0 0 0 0 0 0 0 0 0
 0 0 0 0 0 0 0 0 0 0 0 0 0 0 0 0 0 0 0 0 0 0 0 0 0 0 0 0 0 0 0 0 0 0 0 0 0
 0 0 0 0 0 0 0 0 0 0 0 0 0 0 0 0 0 0 0 0 0 0 0 0 0 0 0 0 0 0 0 0 0 0 0 0 0
 0 0 0 0 0 0 0 0 0 0 0 0 0 0 0 0 0 0 0 0 0 0 0 0 0 0 0 0 0 0 0 0 0 0 0 0 0
 0 0 0 0 0 0 0 0 0 0 0 0 0 0 0 0 0 0 0 0 0 0 0 0 0 0 0 0 0 0 0 0 0 0 0 0 0
 0 0 0 0 0 0 0 0 0 0 0 0 0 0 0 0 0 0 0 0 0 0 0 0 0 0 0 0 0 0 0 0 0 0 0 0 0
 0 0 0 0 0 0 0 0 0 0 0 0 0 0 0 0 0 0 0 0 0 0 0 0 0 0 0 0 0 0 0 0 0 0 0 0 0
 0 0 0 0 0 0 0 0 0 0 0 0 0 0 0 0 0 0 0 0 0 0 0 0 0 0 0 0 0 0 0 0 0 0 0 0 0
 0 0 0 0 0 0 0 0 0 0 0 0 0 0 0 0 0 0 0 0 0 0 0 0 0 0 0 0 0 0 0 0 0 0 0 0 0
 0 0 0 0 0 0 0 0 0 0 0 0 0 0 0 0 0 0 0 0 0 0 0 0 0 0 0 0 0 0 0 0 0 0 0 0 0]
time_photons_det_z: [[4.44813148e-11            nan]
 [4.75044983e-10            nan]
 [4.24212803e-10            nan]
 [4.29107612e-10 8.06602076e-11]
 [4.36218339e-10            nan]
 [1.49928720e-10            nan]
 [4.43292042e-10            nan]
 [4.58023529e-10            nan]
 [7.96394464e-11            nan]
 [4.64728720e-10            nan]
 [2.06144983e-10            nan]
 [9.32283736e-11            nan]
 [           nan 2.90992388e-10]
 [4.31123529e-10            nan]
 [4.72781661e-10            nan]
 [           nan 2.61434602e-10]
 [3.94870588e-10            nan]
 [4.30292042e-10            nan]
 [1.16776125e-10            nan]
 [4.23333910e-10            nan]
 [5.33734602e-10            nan]
 [4.57639446e-10            nan]
 [1.53149827e-10            nan]
 [           nan 1.49676471e-10]
 [9.54868512e-11            nan]
 [5.17344637e-10            nan]
 [5.49208305e-10            nan]
 [5.05697578e-10            nan]
 [4.75255363e-10            nan]
 [1.20055017e-10            nan]
 [4.84034256e-10            nan]
 [4.04757785e-11            nan]
 [4.90960554e-10            nan]
 [2.40924222e-10            nan]
 [1.41213149e-10            nan]
 [1.70166090e-10            nan]
 [4.84682353e-10            nan]
 [4.71555363e-10            nan]
 [1.54586851e-10            nan]
 [4.90313495e-10            nan]
 [1.24081661e-10            nan]
 [1.50218339e-10            nan]
 [4.18081661e-10            nan]
 [5.53034602e-10            nan]
 [3.70891695e-10            nan]
 [1.83271280e-10            nan]
 [4.96123529e-10            nan]
 [4.37718685e-10            nan]
 [2.10197578e-10            nan]
 [1.90218685e-10            nan]
 [3.92912457e-10            nan]
 [1.35765744e-10            nan]
 [3.97402422e-10            nan]]
index_where_photons_det_z: [  3   8  32  58  65 100 127 130 189 215 228 229 248 251 278 281 287 308
 318 332 341 368 373 393 412 419 422 425 443 457 545 546 620 625 633 649
 674 694 697 698 714 738 829 848 860 874 883 919 943 951 959 979 986]
