n_samples: 200
seed: 624537
non_signal_voltage: {non_signal_voltage}
voltage_decoy: {voltage_decoy}
voltage: {voltage}
voltage_decoy_sup: {voltage_decoy_sup}
voltage_sup: {voltage_sup}
len_wrong_detections_z: 1
len_wrong_detections_x: 0
total_amount_detections: 0
amount_Z_detections: 0
amount_XP_detections: 0
qber: 0
phase_error_rate: 0
raw_key_rate: 0.0
gain_XP_norm: 0.0
gain_XP_dec: 0.0
gain_Z_norm: 0.0
gain_Z_dec: 0.0
calc_mean_photon_nr_eam: [0.69693353 0.720717   0.70808434 0.6675695  0.10553331 0.74691393
 0.68239162 0.71297324 0.68423649 0.69775457 0.66719103 0.67819845
 0.68762087 0.69350247 0.70546092 0.70121389 0.65795603 0.67880778
 0.65870548 0.74201213 0.69861081 0.66353084 0.72505939 0.69728753
 0.69163462 0.71244804 0.70170991 0.70328969 0.6564859  0.66695792
 0.71574341 0.69821811 0.70219601 0.66453572 0.67343989 0.70135942
 0.69358827 0.69401443 0.64281184 0.69973838 0.70490417 0.66425036
 0.6675843  0.70392653 0.68438799 0.6806801  0.70497944 0.67797061
 0.68118472 0.70854377 0.72722247 0.10215152 0.70297568 0.09979119
 0.65217178 0.67339839 0.69229033 0.6649987  0.66492279 0.72540033
 0.10440399 0.71367404 0.7227002  0.10149015 0.66155466 0.71690735
 0.70762532 0.69236086 0.71201518 0.69904805 0.71789158 0.67958601
 0.73262096 0.7162251  0.7427412  0.70124818 0.73214101 0.71083063
 0.72140898 0.10921607 0.67199152 0.70262277 0.72843043 0.7024431
 0.70979736 0.71569805 0.7442664  0.63244176 0.72863018 0.70189248
 0.69302936 0.71200583 0.6985583  0.09920773 0.65929103 0.72171128
 0.71809958 0.65969699 0.70980701 0.67469541 0.6754625  0.71564323
 0.69210849 0.67131922 0.64948226 0.69071057 0.67717977 0.66603433
 0.67876235 0.66320864 0.74477925 0.65376088 0.75553817 0.64335311
 0.68589124 0.71209647 0.68740434 0.72022868 0.70222923 0.70760193
 0.73051073 0.67429705 0.69180946 0.65061096 0.66513962 0.70571727
 0.68226932 0.65554736 0.7572169  0.61967759 0.68666001 0.6727002
 0.69946705 0.71539898 0.71473084 0.66858238 0.6575652  0.70492716
 0.66426034 0.68118695 0.70554826 0.65487844 0.6995156  0.67201848
 0.70443555 0.67231459 0.10396661 0.70505881 0.6549406  0.69336755
 0.70035031 0.67162777 0.6885775  0.70227321 0.71828338 0.68172259
 0.71346557 0.6378342  0.10270568 0.69050991 0.67851548 0.68361233
 0.70044296 0.68500228 0.71243902 0.73867608 0.67679971 0.66997185
 0.102163   0.71653081 0.67637005 0.69770749 0.72639661 0.66904768
 0.70311783 0.72756797 0.65570428 0.65472696 0.67992844 0.71548128
 0.6602165  0.10799394 0.1077638  0.67077091 0.67698062 0.67843132
 0.70620493 0.71612117 0.69964837 0.7149687  0.70346259 0.65367451
 0.67424545 0.687918   0.67315814 0.70825512 0.09468687 0.70925606
 0.68579936 0.6640823 ]
calc_mean_photon_nr_detector_x: [0.11601421 0.12083733 0.13018116 0.07962735 0.03058485 0.09317644
 0.09894439 0.09411347 0.1263     0.08778207 0.11261441 0.09842611
 0.11355608 0.11779757 0.10213717 0.11486072 0.11130493 0.12477166
 0.07774186 0.12103068 0.1275176  0.08888142 0.09088902 0.12843029
 0.08140094 0.1171363  0.1185944  0.12866801 0.0774844  0.11222608
 0.11971656 0.12918594 0.08809878 0.09647731 0.1247791  0.09262482
 0.09194335 0.08690432 0.12061857 0.08229295 0.11608165 0.09602449
 0.1108219  0.10199237 0.11433916 0.1139691  0.12987122 0.0798882
 0.11415051 0.12932952 0.0868768  0.02468524 0.08349133 0.02329203
 0.09455766 0.12444602 0.08719003 0.09619369 0.11183532 0.10760361
 0.03005519 0.09436389 0.08642538 0.02031033 0.09568251 0.11749688
 0.12108276 0.11685737 0.10303896 0.11633841 0.12055537 0.11581363
 0.12463234 0.13225849 0.09252455 0.10177925 0.12146195 0.10244703
 0.09502607 0.03246036 0.07922074 0.11647281 0.12307974 0.11899569
 0.12121102 0.12199358 0.1333319  0.08099607 0.12242936 0.11817261
 0.11847328 0.13113689 0.0829735  0.02310273 0.11311827 0.1044574
 0.11814699 0.11186899 0.11915491 0.09803413 0.1148563  0.13083821
 0.09138166 0.0849364  0.09398887 0.12649559 0.08966385 0.07862451
 0.11129498 0.11389418 0.10781278 0.10969822 0.12667067 0.09339803
 0.09088624 0.09417432 0.11460607 0.1315859  0.08257924 0.1174722
 0.13245248 0.08526562 0.10018308 0.1075558  0.1139829  0.12887713
 0.0854746  0.11439802 0.10943572 0.08265537 0.11390949 0.09728217
 0.11656932 0.12152342 0.12910465 0.08405241 0.11387023 0.11794418
 0.12311276 0.09056258 0.08847238 0.12198641 0.08795339 0.11428216
 0.11923193 0.10264122 0.02488332 0.08294776 0.10833626 0.12829027
 0.08237757 0.12393685 0.08665619 0.12065383 0.12066725 0.11632329
 0.10332096 0.08472635 0.02552159 0.11672368 0.11689631 0.09843747
 0.1155887  0.12627219 0.09438391 0.09667551 0.08538874 0.10023508
 0.01608051 0.09449921 0.08971763 0.11680928 0.12122935 0.1240765
 0.09318898 0.08545274 0.08697537 0.08706772 0.12599808 0.08939693
 0.0990907  0.01817788 0.03007628 0.0846938  0.0983034  0.11211482
 0.130643   0.08413807 0.12894936 0.09422356 0.08277781 0.10846105
 0.11508736 0.12542535 0.08546142 0.10224181 0.01516598 0.1157128
 0.12604426 0.0842687 ]
Z0_sent_norm: 46
Z0_sent_dec: 3
Z1_sent_norm: 49
Z1_sent_dec: 3
XP_sent_norm: 92
XP_sent_dec: 7
execution_time_run: 12.996519565582275
time_simulating_signal: 8.349918603897095
time_eam: 8.69405746459961
