function_used: run_simulation_detection_tester
n_samples: 20000
seed: 111518
non_signal_voltage: -1.1
voltage_decoy: -0.17850015461444851
voltage: -0.1
voltage_decoy_sup: -0.4175719827413558
voltage_sup: -0.3769288271665573
p_indep_x_states_non_dec: None
p_indep_x_states_dec: None
p_vacuum_z: 0.8750207744723284
len_vacuum_indices_x_long: 19371
len_Z_checked_dec: 539
len_Z_checked_non_dec: 1481
XP_calc_non_dec: 0.0
XP_calc_dec: 0.0
gain_Z_non_dec: 0.11808324031254984
gain_Z_dec: 0.09783989834815757
gain_X_non_dec: 0.0
gain_X_dec: 0.0
wrong_detections_z_dec: [   0    1   11   19   23   24   30   37   40   42   45   53   59   64
   65   70   71   75   81   83   84   87   88   89   92   96  104  109
  113  118  119  122  123  125  129  130  133  135  137  138  140  144
  150  154  161  162  163  165  166  173  177  178  179  181  183  184
  192  194  195  196  198  199  201  207  212  214  215  217  222  224
  226  235  236  238  241  242  243  247  248  253  254  256  257  259
  262  263  267  268  271  275  277  278  280  285  288  291  295  298
  299  300  302  305  307  308  316  318  320  324  334  335  336  339
  340  341  344  345  347  356  357  359  365  370  376  378  379  380
  388  389  393  394  398  400  401  402  405  406  410  415  419  420
  421  423  424  427  429  436  438  440  441  444  450  452  455  456
  459  460  464  465  471  473  477  478  479  481  486  488  491  497
  498  501  505  507  509  513  522  524  526  528  531  533  534  537
  538  542  546  547  552  556  564  568  571  578  579  583  584  586
  588  590  594  598  605  608  617  618  620  625  627  630  631  635
  636  637  638  642  657  659  662  663  664  665  666  671  672  679
  680  681  685  686  688  693  694  697  701  705  707  716  718  721
  727  728  738  739  742  743  745  749  750  754  755  756  757  758
  763  764  766  769  770  773  775  776  785  786  788  789  791  794
  797  798  801  802  804  806  808  810  811  812  816  821  823  828
  831  836  837  843  844  845  854  869  871  876  878  879  880  884
  885  890  896  900  902  912  914  916  918  919  925  933  939  940
  947  951  955  967  968  970  971  978  979  981  990  994 1003 1005
 1008 1011 1012 1014 1018 1019 1021 1024 1025 1031 1033 1040 1042 1043
 1045 1048 1052 1055 1057 1058 1062 1063 1068 1069 1070 1071 1072 1080
 1085 1086 1092 1102 1103 1108 1110 1113 1116 1118 1123 1128 1136 1147
 1150 1153 1158 1161 1163 1164 1169 1183 1184 1185 1186 1196 1199 1200
 1201 1208 1209 1220 1225 1226 1229 1233 1238 1240 1241 1244 1250 1255
 1259 1261 1264 1272 1273 1274 1280 1281 1285 1289 1290 1297 1298 1301
 1303 1304 1305 1308 1309 1312 1314 1321 1324 1327 1329 1332 1333 1336
 1337 1339 1341 1345 1346 1348 1349 1355 1359 1364 1365 1367 1368 1375
 1381 1390 1393 1396 1402 1403 1407 1410 1413 1415 1419 1420 1421 1426
 1428 1432 1440 1457 1460 1462 1471 1472 1473 1474 1477 1478 1480 1483
 1489 1495 1496 1499 1505 1508 1510 1511 1515 1517 1518 1523 1524 1526
 1527 1528 1531 1536 1538 1544 1547 1549 1552 1556 1557 1558 1560 1562
 1563 1568 1570 1575 1586 1592 1594 1596 1597 1599 1600 1603 1606 1608
 1609 1611 1616 1617 1618 1622 1624 1638 1645 1646 1647 1649 1658 1671
 1673 1678 1680 1684 1686 1688 1691 1693 1698 1700 1710 1713 1714 1719
 1723 1727 1728 1734 1737 1738 1741 1744 1745 1747 1749 1752 1759 1760
 1765 1766 1768 1772 1781 1787 1789 1799 1801 1805 1807 1808 1820 1825
 1827 1830 1832 1833 1835 1837 1840 1843 1849 1852 1860 1861 1878 1879
 1880 1882 1883 1886 1891 1892 1901 1903 1907 1908 1913 1914 1917 1919
 1924 1933 1934 1935 1938 1940 1944 1945 1946 1950 1953 1955]
wrong_detections_z_non_dec: [   2    3    4 ... 1952 1954 1956]
wrong_detections_x_dec: []
wrong_detections_x_non_dec: []
len_wrong_z_dec: 600
len_wrong_z_non_dec: 1357
len_wrong_x_dec: 0
len_wrong_x_non_dec: 0
qber_z_dec: 1.1131725417439704
qber_z_non_dec: 0.9162727886563133
qber_x_dec: -999
qber_x_non_dec: -999
raw_key_rate: 164200942.93610793
total_amount_detections: 2020.0
execution_time_run: 227.5535969734192
