function_used: hist_z
n_samples: None
seed: None
non_signal_voltage: None
voltage_decoy: None
voltage: None
voltage_decoy_sup: None
voltage_sup: None
p_indep_x_states_non_dec: None
p_indep_x_states_dec: None
hist_z: [ 1  0  0  0  2  3 10  9 10  4  7  1  1  0  0  0  0  0  0  1  0  0  0  0
  0  0  1  0  1  0  0  2  0  0 10 13 17 15 16 14  4  3  0  1  1  0  0  0
  0  0  0  0  0  0  0  2  0  1  0  0  0  0  1  0  0  0  1  0  0  1  0  0
  0  0  0  0  0  0  2  4 18 25 18 17  6  3  1  0  0  0  1  0  0  1  8 18
 36 33 34 16  9  3  2  4  0  1  0  0  2  1  0  0  1  0  0  0  2  1  0  1
  1  0  3  1 11 10 17 20 17 15  6  2  1  0  3  0  0  3  1  8 11 21 28 12
 12  5  0  0  1  0  2  2  0  2  6  9 25 25 22 11 10  3  3  2  1  0  0  0
  0  0  0  0  0  0  0  0  1  0  1  1  0  0  0  0  0  0  0  1  0  0  0  0
  2  0  0  0  0  0  0  0  0  0  0  0  0  0  0  0  0  0  0  0  0  1  1  1
  2  3  1  1  0  0  0  0  0  0  0  0  0  0  0  0  1  0  0  0  0  0  0  0
  0  0  0  0  0  0  0  0  0  0  0  0  0  0  0  0  0  0  1  0  0  0  0  0
  0  1  0  0  0  0  0  0  0  0  1  3  4  6  4  4  0  1  0  1  0  0  0  0
  0  0  0  0  0  0  0  0  0  0  0  0  0  0  0  0  0  0  0  0  0  1  0  0
  0  0  0  0  0  0  0  0  0  0  1  1  0  0  0  0  0  0  0  0  0  1  0  0
  0  0  0  1  0  0  0  0  0  0  2  1  2  4  8 12 14 11  8  6  2  0  0  0
  1  0  2  0  0  0  2  0  0  0  0  1  0  0  0  0  3  1  6 11 24 29 36 35
 17  9  7  0  0  0  0  0  1  1  2 24 22 24 19 17  8  5  0  0  0  0  0  0
  0  2 17  7 22 13 14  5  2  1  0  0  1  0  1  1  0  0  1  0  0  0  0  2
  0  0  0  0  0  0  2  8 19 22 20 17 13  4  4  0  0  0  0  0  0  0  0  0
  0  0  0  0  0  0  0  0  0  0  0  0  0  0  0  0  0  0  0  0  0  0  0  0
  0  0  0  0  0  0  0  0  0  0  0  0  0  0  0  0  0  0  0  1  0  2  2  2
  0  0  0  0  0  0  0  0  0  0  0  0  0  0  0  0  0  0  0  0  0  0  0  0
  0  0  1  0  0  0  0  1  0  0  0  0  0  0  0  0  0  0  0  0  0  0  0  0
  0  0  0  0  1  0  0  1  1  3  6  1  4  0  1  0  0  0  0  0  0  0  0  0
  0  0  0  1  0  0  0  0  0  0  0  0  0  0  0  0  1  1  0  0  0  0  0  0
  1  0  4  0 10 13 22 24 18 13  9  4  1  0  2  1  0  2  1  5 15 22 36 22
 12 12  2  1  2  1  0  0  2  0  4 14 20 23 23 16  8  3  2  0  4  1  0  1
  0  4 11 19 32 24 14  9  3  0  0  1  0  0  0  0  0  0  0  0  0  0  0  0
  0  0  0  0  0  0  0  0  0  0  0  0  0  0  0  0  0  0  0  0  0  0  0  2
  1  2  2  2  1  1  0  0  0  0  0  0  0  0  3  1  4  1  3  1  0  0  0  0
  0  0  0  0  0  0  0  0  0  0  0  0  0  0  0  0  0  0  1  0  0  0  0  0
  0  0  0  0  0  0  0  0  0  0  1  6  5  2  4  3  0  0  0  0  1  0  0  1
  0  0  0  1  1  2  4  2  1  0  0  0  0  0  0  0  0  0  0  0  0  1  0  0
  0  0  0  0  0  0  0  0  1  1  0  2  0  0  0  0  0  0  0  0  0  0  0  0
  0  0  0  0  0  0  0  0  0  0  0  0  0  0  0  0  0  0  0  0  0  0  0  0
  0  0  0  0  0  0  0  0  0  0  0  0  0  0  0  0  0  0  0  0  0  0  0  0
  0  0  0  0  0  0  0  0  0  0  0  0  0  0  0  0  0  0  0  0  0  0  0  0
  0  0  0  0  0  0  0  0  0  0  0  0  0  0  0  0  0  0  0  1  0  0  0  0
  0  0  0  0  0  0  0  0  0  0  0  0  0  0  0  0  0  0  0  0  0  0  0  0
  0  0  0  0  0  0  0  0  0  0  0  0  0  0  0  0  0  0  0  0  0  0  0  0
  0  0  0  0  0  0  0  0  0  0  0  0  0  0  0  0  0  0  0  0  1  0  0  0
  0  0  0  0  0  0  0  0  0  0  0  0  0  0  0  0  0  0  0  0  0  0  0  0
  0  0  0  0  0  0  0  0  0  0  0  0  0  0  0  0  0  0  0  0  0  0  0  0
  0  0  0  0  0  0  0  0  0  0  0  0  0  0  0  0  0  0  0  0  0  0  0  0
  0  0  0  1  0  0  0  0  0  0  0  0  0  0  1  1  0  0  0  0  0  0  0  0
  0  0  0  0  0  2  0  4  4  3  0  0  0  0  0  1  0  0  0  0  0  0  0  0
  0  0  0  0  0  0]
hist_z_sum: 1982
time_photons_det_z: [[4.04925502e-10            nan]
 [1.85456574e-10            nan]
 [1.68625502e-10            nan]
 [4.34805571e-10            nan]
 [4.26471315e-10            nan]
 [5.02754983e-10            nan]
 [3.41235294e-12            nan]
 [4.71186055e-10            nan]
 [1.32464948e-10            nan]
 [4.24627093e-10            nan]
 [4.98562941e-10            nan]
 [4.33028685e-10            nan]
 [1.58858166e-10            nan]
 [1.04713945e-10            nan]
 [1.39797612e-10            nan]
 [4.44458166e-10            nan]
 [1.67902388e-10            nan]
 [4.53930277e-10            nan]
 [4.19618720e-10            nan]
 [5.00225502e-10            nan]
 [           nan 1.74658166e-10]
 [4.47187647e-10            nan]
 [4.98938651e-10            nan]
 [4.64758166e-10            nan]
 [5.20576090e-10            nan]
 [4.97031869e-10            nan]
 [4.36387647e-10            nan]
 [4.34230277e-10            nan]
 [1.95259758e-10            nan]
 [           nan 2.07241834e-10]
 [4.13168131e-10            nan]
 [4.49330277e-10            nan]
 [4.70407578e-10            nan]
 [4.82064948e-10            nan]
 [7.36892388e-11            nan]
 [5.12254983e-10            nan]
 [1.80245017e-10            nan]
 [9.86744983e-11            nan]
 [1.24194014e-10            nan]
 [1.55887647e-10            nan]
 [4.26158166e-10            nan]
 [2.20472907e-10            nan]
 [4.42000796e-10            nan]
 [1.65672907e-10            nan]
 [1.18817128e-10            nan]
 [4.58417128e-10            nan]
 [1.68672907e-10            nan]
 [4.62837059e-10            nan]
 [1.91800796e-10            nan]
 [1.74612353e-10            nan]
 [4.70225502e-10            nan]
 [5.20762941e-10            nan]
 [5.01271315e-10            nan]
 [1.81702388e-10            nan]
 [4.26907578e-10            nan]
 [4.61991246e-10            nan]
 [4.62325502e-10            nan]
 [3.96489239e-10            nan]
 [4.51325502e-10            nan]
 [1.32496021e-10            nan]
 [1.85390830e-10            nan]
 [3.71254983e-10            nan]
 [1.75684464e-10            nan]
 [1.32981280e-10            nan]
 [4.14631869e-10            nan]
 [           nan 9.52597578e-11]
 [           nan 5.57776817e-11]
 [1.52697612e-10            nan]
 [5.16892422e-10            nan]
 [6.47960208e-11            nan]
 [1.36359758e-10            nan]
 [4.50241834e-10            nan]
 [4.96600796e-10            nan]
 [3.99197612e-10            nan]
 [4.63974498e-10            nan]
 [5.06615536e-10            nan]
 [1.44512353e-10            nan]
 [4.80186055e-10            nan]
 [1.86346609e-10            nan]
 [4.40584464e-10            nan]
 [           nan 1.08356574e-10]
 [5.04412353e-10            nan]
 [           nan 4.36599204e-10]
 [1.82707163e-10            nan]
 [1.89071315e-10            nan]
 [1.77433460e-10            nan]
 [4.83218720e-10            nan]
 [4.61599204e-10            nan]
 [4.85784464e-10            nan]
 [1.53774498e-10            nan]
 [5.00805571e-10            nan]
 [3.86687647e-10            nan]
 [4.98629412e-11            nan]
 [4.55440242e-10            nan]
 [3.44790830e-10            nan]
 [1.51403979e-10            nan]
 [4.43213945e-10            nan]
 [1.49725502e-10            nan]
 [4.75663356e-10            nan]
 [1.63494429e-10            nan]
 [2.24382872e-10            nan]
 [4.64003979e-10            nan]
 [1.58361349e-10            nan]
 [4.57558166e-10            nan]
 [1.56552976e-10            nan]
 [1.74828720e-11            nan]
 [1.78138235e-10            nan]
 [5.18002388e-10            nan]
 [4.84561349e-10            nan]
 [4.81215536e-10            nan]
 [2.13040242e-10            nan]
 [4.17687647e-10            nan]
 [4.74761349e-10            nan]
 [1.64497612e-10            nan]
 [4.79737059e-10            nan]
 [4.57046609e-10            nan]
 [5.22127093e-10            nan]
 [4.65697612e-10            nan]
 [1.26915536e-10            nan]
 [4.58386055e-10            nan]
 [1.54884464e-10            nan]
 [4.30003979e-10            nan]
 [8.79844637e-11            nan]
 [8.80302768e-11            nan]
 [2.25217128e-10            nan]
 [1.82982872e-10            nan]
 [           nan 1.27662941e-10]
 [4.52056574e-10            nan]
 [1.55158166e-10            nan]
 [4.71912353e-10            nan]
 [4.46768131e-10            nan]
 [1.63584464e-10            nan]
 [1.00622318e-10            nan]
 [4.22418720e-10            nan]
 [5.38859758e-10            nan]
 [4.73597612e-10            nan]
 [5.06728685e-10            nan]
 [4.86054983e-10            nan]
 [1.12938651e-10            nan]
 [4.47200796e-10            nan]
 [1.34486055e-10            nan]
 [1.48669723e-10            nan]
 [4.75727093e-10            nan]
 [1.76149792e-10            nan]
 [4.65617128e-10            nan]
 [1.46876090e-10            nan]
 [           nan 1.84287647e-10]
 [4.30084464e-10            nan]
 [4.50969723e-10            nan]
 [9.28446367e-12            nan]
 [1.05668131e-10            nan]
 [4.54979689e-10            nan]
 [1.35596021e-10            nan]
 [1.39833460e-10            nan]
 [1.01771315e-10            nan]
 [2.06258166e-10            nan]
 [1.24971315e-10            nan]
 [           nan 4.91148201e-10]
 [2.24669723e-10            nan]
 [4.66056574e-10            nan]
 [4.79525502e-10            nan]
 [4.97430277e-10            nan]
 [4.18069723e-10            nan]
 [4.85899204e-10            nan]
 [1.87828685e-10            nan]
 [1.18528685e-10            nan]
 [5.60031869e-10            nan]
 [3.96996021e-10            nan]
 [4.17254983e-10            nan]
 [1.73682872e-10            nan]
 [8.95171280e-11            nan]
 [1.52948201e-10            nan]
 [1.30030277e-10            nan]
 [5.24890830e-10            nan]
 [4.28969723e-10            nan]
 [2.14766540e-10            nan]
 [5.26946609e-10            nan]
 [4.65762941e-10            nan]
 [9.60860554e-11            nan]
 [2.02774498e-10            nan]
 [1.80253391e-10            nan]
 [1.69497612e-10            nan]
 [1.83641834e-10            nan]
 [4.16451799e-10            nan]
 [2.29671315e-10            nan]
 [4.08540242e-10            nan]
 [4.49361349e-10            nan]
 [3.90231869e-10            nan]
 [1.51503979e-10            nan]
 [4.46312353e-10            nan]
 [4.92828685e-10            nan]
 [4.53630277e-10            nan]
 [1.46089239e-10            nan]
 [1.37959758e-10            nan]
 [1.88522318e-10            nan]
 [4.71271315e-10            nan]
 [2.90003979e-10            nan]
 [2.09156574e-10            nan]
 [1.60119135e-10            nan]
 [4.96674498e-10            nan]
 [4.30171315e-10            nan]
 [4.29868131e-10            nan]
 [2.05413945e-10            nan]
 [2.04150208e-10            nan]
 [           nan 1.78615536e-10]
 [1.68918720e-10            nan]
 [1.13569723e-10            nan]
 [4.95221903e-10            nan]
 [1.17492837e-10            nan]
 [1.28837059e-10            nan]
 [4.42071315e-10            nan]
 [8.40286851e-11            nan]
 [2.92335467e-10            nan]
 [5.06741834e-10            nan]
 [2.30479273e-10            nan]
 [4.33154983e-10            nan]
 [4.55546609e-10            nan]
 [1.87064533e-10            nan]
 [1.23458166e-10            nan]
 [1.86841834e-10            nan]
 [2.52336644e-10            nan]
 [9.37286851e-11            nan]
 [4.86982872e-10            nan]
 [1.90638651e-10            nan]
 [1.29730277e-10            nan]
 [1.65166540e-10            nan]
 [4.44512353e-10            nan]
 [1.45713945e-10            nan]
 [1.75568131e-10            nan]
 [4.56376090e-10            nan]
 [8.64649481e-11            nan]
 [1.65235052e-10            nan]
 [1.26590830e-10            nan]
 [4.29756574e-10            nan]
 [5.38054983e-10            nan]
 [1.31066540e-10            nan]
 [1.18253391e-10            nan]
 [1.92897612e-10            nan]
 [1.91018720e-10            nan]
 [4.33084464e-10            nan]
 [1.17330277e-10            nan]
 [1.18700796e-10            nan]
 [           nan 1.61389239e-10]
 [1.68500796e-10            nan]
 [4.26551799e-10            nan]
 [5.17725502e-10            nan]
 [1.48909170e-10            nan]
 [4.51168131e-10            nan]
 [4.65482872e-10            nan]
 [4.67156574e-10            nan]
 [           nan 1.80568131e-10]
 [5.29286055e-10            nan]
 [4.97517128e-10            nan]
 [4.46418720e-10            nan]
 [           nan 2.03158166e-10]
 [1.52200796e-10            nan]
 [4.23792837e-10            nan]
 [1.65259758e-10            nan]
 [4.18199204e-10            nan]
 [1.77086055e-10            nan]
 [1.29974498e-10            nan]
 [5.04445017e-10            nan]
 [1.69472907e-10            nan]
 [5.40441834e-10            nan]
 [1.11840242e-10            nan]
 [1.61671315e-10            nan]
 [4.31082872e-10            nan]
 [1.56853391e-10            nan]
 [4.78366125e-10            nan]
 [4.68968131e-10            nan]
 [2.16103979e-10            nan]
 [8.95517993e-11            nan]
 [4.32499204e-10            nan]
 [1.43091246e-10            nan]
 [4.59745017e-10            nan]
 [1.53461349e-10            nan]
 [1.36213945e-10            nan]
 [4.21505986e-10            nan]
 [1.85164948e-10            nan]
 [           nan 2.50618720e-10]
 [1.80241834e-10            nan]
 [4.23741834e-10            nan]
 [8.94075778e-11            nan]
 [           nan 1.59941834e-10]
 [4.83254983e-10            nan]
 [1.22976090e-10            nan]
 [4.53212353e-10            nan]
 [1.70254983e-10            nan]
 [1.17958166e-10            nan]
 [4.89913945e-10            nan]
 [4.25394429e-10            nan]
 [4.61318720e-10            nan]
 [4.57718720e-10            nan]
 [1.21830277e-10            nan]
 [3.82272907e-10            nan]
 [4.73515536e-10            nan]
 [1.26031869e-10            nan]
 [           nan 2.58223183e-11]
 [4.92641834e-10            nan]
 [4.73213945e-10            nan]
 [1.13625502e-10            nan]
 [4.92786055e-10            nan]
 [           nan 3.82271315e-10]
 [           nan 1.05582872e-10]
 [4.57399204e-10            nan]
 [4.34549792e-10            nan]
 [1.72220727e-10            nan]
 [4.65879689e-10            nan]
 [1.56859758e-10            nan]
 [8.82976125e-11            nan]
 [1.73503979e-10            nan]
 [4.87621903e-10            nan]
 [1.95896021e-10            nan]
 [4.55161349e-10            nan]
 [5.14089239e-10            nan]
 [1.38937059e-10            nan]
 [2.55656574e-10            nan]
 [           nan 1.74345017e-10]
 [4.28686055e-10            nan]
 [4.54315536e-10            nan]
 [5.25951799e-10            nan]
 [5.37800796e-10            nan]
 [4.47661349e-10            nan]
 [4.98166540e-10            nan]
 [1.19956574e-10            nan]
 [4.48023495e-10            nan]
 [4.54531869e-10            nan]
 [4.10643426e-10            nan]
 [4.25776090e-10            nan]
 [5.42725502e-10            nan]
 [4.56554983e-10            nan]
 [1.38623910e-10            nan]
 [1.66041834e-10            nan]
 [4.75823910e-10            nan]
 [3.84215536e-10            nan]
 [1.97202388e-10            nan]
 [1.51358166e-10            nan]
 [1.32659758e-10            nan]
 [4.54541834e-10            nan]
 [4.01812353e-10            nan]
 [4.56628685e-10            nan]
 [1.25043426e-10            nan]
 [4.38969723e-10            nan]
 [3.92769723e-10            nan]
 [1.79797612e-10            nan]
 [1.31012353e-10            nan]
 [           nan 1.88231869e-10]
 [4.84586055e-10            nan]
 [1.68330277e-10            nan]
 [1.54296021e-10            nan]
 [3.96272907e-10            nan]
 [5.55328685e-10            nan]
 [1.27440242e-10            nan]
 [4.66453391e-10            nan]
 [4.56487647e-10            nan]
 [3.94338651e-10            nan]
 [4.60507578e-10            nan]
 [1.54690830e-10            nan]
 [4.76425502e-10            nan]
 [4.52096021e-10            nan]
 [1.65923910e-10            nan]
 [4.53743426e-10            nan]
 [4.93433460e-10            nan]
 [1.42438651e-10            nan]
 [1.49977682e-10            nan]
 [4.80700796e-10            nan]
 [1.53228685e-10            nan]
 [4.53164948e-10            nan]
 [3.14903979e-10            nan]
 [1.28000796e-10            nan]
 [           nan 4.70412353e-10]
 [5.24097612e-10            nan]
 [4.37313945e-10            nan]
 [1.37259758e-10            nan]
 [2.35741834e-10            nan]
 [4.91630277e-10            nan]
 [1.35282872e-10            nan]
 [4.71913945e-10            nan]
 [4.41621903e-10            nan]
 [1.09025502e-10            nan]
 [2.28372907e-10            nan]
 [1.49487647e-10            nan]
 [4.82184464e-10            nan]
 [1.92433460e-10            nan]
 [2.76635467e-10            nan]
 [1.39820311e-10            nan]
 [1.38686055e-10            nan]
 [           nan 4.70890830e-10]
 [1.90796021e-10            nan]
 [5.55466090e-11            nan]
 [4.45930277e-10            nan]
 [5.15500796e-10            nan]
 [           nan 4.51931869e-10]
 [4.86968131e-10            nan]
 [4.28599204e-10            nan]
 [1.81041834e-10            nan]
 [8.80960208e-11            nan]
 [4.75317543e-10            nan]
 [9.14697232e-11            nan]
 [1.58259758e-10            nan]
 [1.75096021e-10            nan]
 [1.46528685e-10            nan]
 [5.77612353e-10            nan]
 [4.63500796e-10            nan]
 [4.59615536e-10            nan]
 [4.71425502e-10            nan]
 [4.96576090e-10            nan]
 [4.99028685e-10            nan]
 [4.82666540e-10            nan]
 [2.15890830e-10            nan]
 [1.91202388e-10            nan]
 [1.79013945e-10            nan]
 [2.17762941e-10            nan]
 [2.87937059e-10            nan]
 [4.16072907e-10            nan]
 [4.62889239e-10            nan]
 [4.29615536e-10            nan]
 [4.36069723e-10            nan]
 [4.91272907e-10            nan]
 [4.58868131e-10            nan]
 [1.88786055e-10            nan]
 [5.13440242e-10            nan]
 [1.47797612e-10            nan]
 [4.91843426e-10            nan]
 [1.81966540e-10            nan]
 [1.23420311e-10            nan]
 [2.43761349e-10            nan]
 [4.79417128e-10            nan]
 [1.36479689e-10            nan]
 [1.56558166e-10            nan]
 [1.17159758e-10            nan]
 [4.31017128e-10            nan]
 [           nan 5.71812803e-11]
 [1.14145017e-10            nan]
 [1.39112353e-10            nan]
 [1.43413945e-10            nan]
 [1.71030277e-10            nan]
 [4.84405571e-10            nan]
 [4.46889239e-10            nan]
 [4.96071315e-10            nan]
 [1.49500796e-10            nan]
 [4.91918720e-10            nan]
 [4.75471315e-10            nan]
 [4.48369723e-10            nan]
 [4.73602388e-10            nan]
 [5.18189239e-10            nan]
 [1.84382872e-10            nan]
 [1.95658166e-10            nan]
 [1.73554983e-10            nan]
 [1.74354983e-10            nan]
 [1.14281280e-10            nan]
 [4.02410761e-10            nan]
 [5.06846609e-10            nan]
 [4.70374498e-10            nan]
 [1.64154983e-10            nan]
 [4.34586055e-10            nan]
 [1.94346609e-10            nan]
 [1.65813945e-10            nan]
 [1.13641834e-10            nan]
 [4.67713945e-10            nan]
 [4.57084464e-10            nan]
 [4.36628685e-10            nan]
 [4.17753391e-10            nan]
 [1.18587647e-10            nan]
 [1.90045017e-10            nan]
 [5.39061349e-10            nan]
 [9.96892388e-11            nan]
 [2.11082872e-10            nan]
 [8.76828720e-11            nan]
 [4.41617128e-10            nan]
 [1.12354983e-10            nan]
 [1.26037059e-10            nan]
 [1.75928685e-10            nan]
 [4.78015536e-10            nan]
 [1.18896021e-10            nan]
 [5.39681280e-10            nan]
 [4.70084464e-10            nan]
 [8.65418339e-11            nan]
 [4.88246609e-10            nan]
 [5.03527093e-10            nan]
 [1.70082872e-10            nan]
 [1.58297612e-10            nan]
 [4.53543426e-10            nan]
 [4.63228685e-10            nan]
 [1.29084464e-10            nan]
 [4.76456574e-10            nan]
 [2.06171315e-10            nan]
 [5.01031869e-10            nan]
 [1.15856574e-10            nan]
 [3.62412353e-10            nan]
 [4.57213945e-10            nan]
 [           nan 4.47884464e-10]
 [1.58338651e-10            nan]
 [4.60725502e-10            nan]
 [4.44884464e-10            nan]
 [1.22537059e-10            nan]
 [4.79081280e-10            nan]
 [4.90927093e-10            nan]
 [2.37743426e-10            nan]
 [4.79746609e-10            nan]
 [2.16902388e-10            nan]
 [4.80513945e-10            nan]
 [1.35689239e-10            nan]
 [2.76576090e-10            nan]
 [4.38262941e-10            nan]
 [5.18061349e-10            nan]
 [1.51813945e-10            nan]
 [1.36331869e-10            nan]
 [2.47653391e-10            nan]
 [1.44715536e-10            nan]
 [5.08676090e-10            nan]
 [5.14860554e-11 5.25046609e-10]
 [1.70220727e-10            nan]
 [1.41345017e-10            nan]
 [4.13441834e-10            nan]
 [4.71322318e-10            nan]
 [4.90220311e-10            nan]
 [4.86802388e-10            nan]
 [4.81069723e-10            nan]
 [4.80872907e-10            nan]
 [1.92492837e-10            nan]
 [1.09318720e-10            nan]
 [4.01137059e-10            nan]
 [1.31558166e-10            nan]
 [4.09338651e-10            nan]
 [4.11274498e-10 5.35100796e-10]
 [4.11959758e-10            nan]
 [1.95431869e-10            nan]
 [4.53156574e-10            nan]
 [           nan 4.53168131e-10]
 [1.92092422e-10 4.51602388e-10]
 [1.99023495e-10            nan]
 [1.27586055e-10            nan]
 [4.74881280e-10            nan]
 [4.70061349e-10            nan]
 [4.99700796e-10            nan]
 [1.80009170e-10            nan]
 [2.88664948e-10            nan]
 [4.63145017e-10            nan]
 [           nan 4.09112353e-10]
 [1.87084464e-10            nan]
 [4.38976090e-10            nan]
 [           nan 1.58022318e-10]
 [1.55269723e-10            nan]
 [1.78720311e-10            nan]
 [4.25927093e-10            nan]
 [4.95335052e-10            nan]
 [1.13997612e-10            nan]
 [1.46874498e-10            nan]
 [4.59817128e-10            nan]
 [2.20156574e-10            nan]
 [4.57789239e-10            nan]
 [4.85490830e-10            nan]
 [4.67292422e-10            nan]
 [1.21386055e-10            nan]
 [4.05213945e-10            nan]
 [4.66402388e-10            nan]
 [4.70948201e-10            nan]
 [1.04443426e-10            nan]
 [1.86628685e-10            nan]
 [1.10372907e-10            nan]
 [3.94884464e-10            nan]
 [1.58254983e-10            nan]
 [5.06031869e-10            nan]
 [5.22315536e-10            nan]
 [1.13138651e-10            nan]
 [4.67353391e-10            nan]
 [4.35418720e-10            nan]
 [5.15228685e-10            nan]
 [1.85038651e-10            nan]
 [5.08139446e-11            nan]
 [4.68118720e-10            nan]
 [4.98140242e-10            nan]
 [4.78154983e-10            nan]
 [5.06103979e-10            nan]
 [1.67000796e-10            nan]
 [4.65525502e-10            nan]
 [1.15400796e-10            nan]
 [1.25928685e-10            nan]
 [9.21007958e-11            nan]
 [4.68331869e-10            nan]
 [1.31917128e-10            nan]
 [1.19509170e-10            nan]
 [5.15000796e-10            nan]
 [4.28331869e-10            nan]
 [4.66749792e-10            nan]
 [           nan 4.67508754e-10]
 [8.56107612e-11            nan]
 [2.06872907e-10            nan]
 [6.10628685e-10            nan]
 [9.92171280e-11            nan]
 [1.28696021e-10            nan]
 [4.03041834e-10            nan]
 [           nan 4.27084464e-10]
 [1.42813945e-10            nan]
 [9.23059861e-11            nan]
 [2.06728685e-10            nan]
 [3.39099204e-10            nan]
 [7.45007958e-11            nan]
 [1.79527093e-10            nan]
 [4.61407163e-10            nan]
 [2.00696021e-10            nan]
 [4.82554983e-10            nan]
 [           nan 5.17189239e-10]
 [1.22903979e-10            nan]
 [1.20840242e-10            nan]
 [           nan 4.32566540e-10]
 [4.25428685e-10            nan]
 [5.18925502e-10            nan]
 [1.19831869e-10            nan]
 [1.60787647e-10            nan]
 [1.30337059e-10            nan]
 [1.35109170e-10            nan]
 [1.30430277e-10            nan]
 [           nan 4.68881280e-10]
 [8.79318685e-11            nan]
 [1.43907578e-10            nan]
 [1.53646609e-10            nan]
 [2.03728685e-10            nan]
 [4.47066540e-10            nan]
 [1.99227093e-10            nan]
 [4.36269723e-10            nan]
 [1.34071315e-10            nan]
 [1.32764948e-10            nan]
 [4.33917128e-10            nan]
 [4.31822318e-10            nan]
 [4.17676090e-10            nan]
 [4.49445017e-10            nan]
 [4.88781280e-10            nan]
 [4.43572907e-10            nan]
 [4.58499204e-10            nan]
 [4.17468131e-10            nan]
 [4.47317128e-10            nan]
 [4.54638651e-10            nan]
 [1.10466540e-10            nan]
 [1.61530277e-10            nan]
 [4.61297612e-10            nan]
 [1.69196021e-10            nan]
 [4.28702388e-10            nan]
 [4.91838651e-10            nan]
 [1.51958166e-10            nan]
 [1.25258166e-10            nan]
 [1.86415536e-10            nan]
 [           nan 1.51256574e-10]
 [1.66233460e-10            nan]
 [2.73713945e-10            nan]
 [1.76466125e-10            nan]
 [4.53659758e-10            nan]
 [1.96789239e-10            nan]
 [           nan 5.07672907e-10]
 [           nan 1.23662941e-10]
 [1.42276090e-10            nan]
 [4.82105571e-10            nan]
 [           nan 1.33251799e-10]
 [1.33184464e-10            nan]
 [5.10190830e-10            nan]
 [3.68500796e-10            nan]
 [1.53943426e-10            nan]
 [2.33608754e-10            nan]
 [5.35372907e-10            nan]
 [1.45427093e-10            nan]
 [3.00630277e-10            nan]
 [1.36805571e-10            nan]
 [4.86828685e-10            nan]
 [4.51856574e-10            nan]
 [1.92913945e-10            nan]
 [2.46331869e-10            nan]
 [1.20896021e-10            nan]
 [1.47404394e-10            nan]
 [1.55641834e-10            nan]
 [2.13531869e-10            nan]
 [           nan 4.35454983e-10]
 [4.14650208e-10            nan]
 [1.78531869e-10            nan]
 [1.47077682e-10            nan]
 [4.26768131e-10            nan]
 [4.73396021e-10            nan]
 [4.38245017e-10            nan]
 [2.17517128e-10            nan]
 [2.17989239e-10            nan]
 [4.37561349e-10            nan]
 [1.98146609e-10            nan]
 [1.24769723e-10            nan]
 [5.52438651e-10            nan]
 [1.31500796e-10            nan]
 [4.82896021e-10            nan]
 [           nan 1.19097612e-10]
 [1.55707578e-10            nan]
 [4.73354671e-11            nan]
 [4.48245017e-10            nan]
 [4.80115536e-10            nan]
 [4.69503979e-10            nan]
 [4.77603979e-10            nan]
 [           nan 1.54876090e-10]
 [1.98328685e-10            nan]
 [           nan 4.98027093e-10]
 [1.61200796e-10            nan]
 [3.01922318e-10            nan]
 [           nan 4.46610761e-10]
 [1.56015536e-10            nan]
 [1.93321903e-10            nan]
 [4.04556574e-10            nan]
 [1.79635052e-10            nan]
 [1.72547024e-10 4.09309170e-10]
 [4.58979689e-10            nan]
 [3.11738651e-10            nan]
 [3.97531869e-10            nan]
 [4.19269723e-10            nan]
 [1.18962941e-10            nan]
 [5.02589654e-10            nan]
 [1.73959758e-10            nan]
 [1.75641834e-10            nan]
 [4.13102388e-10            nan]
 [1.48928685e-10            nan]
 [4.56643426e-10            nan]
 [           nan 1.71409170e-10]
 [4.36528685e-10            nan]
 [3.42097612e-10            nan]
 [1.95748201e-10            nan]
 [1.91479689e-10            nan]
 [1.87500796e-10            nan]
 [1.80445017e-10            nan]
 [           nan 4.35953391e-10]
 [4.43415536e-10            nan]
 [4.15627093e-10            nan]
 [1.52643426e-10            nan]
 [1.88230277e-10            nan]
 [4.85340242e-10            nan]
 [           nan 9.34482007e-11]
 [4.32317128e-10            nan]
 [1.80337059e-10            nan]
 [3.71543426e-10            nan]
 [4.77335467e-10            nan]
 [1.64674498e-10            nan]
 [5.12023910e-10            nan]
 [2.33756574e-10            nan]
 [1.02345017e-10            nan]
 [           nan 2.27782872e-10]
 [1.28699204e-10            nan]
 [4.19403979e-10            nan]
 [1.70871315e-10            nan]
 [3.74381280e-10            nan]
 [3.97713945e-10            nan]
 [1.33120311e-10            nan]
 [1.57812353e-10            nan]
 [5.02320311e-10            nan]
 [1.57371315e-10            nan]
 [3.63440242e-10            nan]
 [4.20354983e-10            nan]
 [1.43412353e-10            nan]
 [1.77287647e-10            nan]
 [5.30302388e-10            nan]
 [4.38210761e-10            nan]
 [1.26899204e-10            nan]
 [3.78454983e-10            nan]
 [1.60448616e-10            nan]
 [1.91982872e-10            nan]
 [5.00115536e-10            nan]
 [4.48035467e-10            nan]
 [1.60281280e-10            nan]
 [8.34744983e-11            nan]
 [5.82500796e-10            nan]
 [4.35371315e-10            nan]
 [4.77768131e-10            nan]
 [4.25600796e-10            nan]
 [3.73730277e-10            nan]
 [4.12449792e-10            nan]
 [1.31046609e-10            nan]
 [2.26859758e-10            nan]
 [2.30587647e-10            nan]
 [1.98825502e-10            nan]
 [1.48971315e-10            nan]
 [4.59027093e-10            nan]
 [1.52890830e-10            nan]
 [4.73413945e-10            nan]
 [5.00943426e-10            nan]
 [4.01676505e-10            nan]
 [4.35261349e-10            nan]
 [4.14699204e-10            nan]
 [1.60482872e-10            nan]
 [1.04440242e-10            nan]
 [7.52976125e-11            nan]
 [5.25305571e-10            nan]
 [1.33866540e-10            nan]
 [1.55471315e-10            nan]
 [1.67353391e-10            nan]
 [4.60212353e-10            nan]
 [1.54327093e-10            nan]
 [4.43638651e-10            nan]
 [4.96092422e-10            nan]
 [1.32786055e-10            nan]
 [1.67569723e-10            nan]
 [1.75807578e-10            nan]
 [4.17927093e-10            nan]
 [4.36950208e-10            nan]
 [1.07084464e-10            nan]
 [4.47625502e-10            nan]
 [2.05602388e-10            nan]
 [4.28586055e-10            nan]
 [4.52261349e-10            nan]
 [1.51400796e-10            nan]
 [1.92015536e-10            nan]
 [           nan 1.42350208e-10]
 [1.75725502e-10            nan]
 [5.15003979e-10            nan]
 [2.63143426e-10            nan]
 [1.37372907e-10            nan]
 [1.37243426e-10            nan]
 [1.04874498e-10            nan]
 [1.92403979e-10            nan]
 [1.60441834e-10            nan]
 [1.96320311e-10            nan]
 [1.64043426e-10            nan]
 [5.25659758e-10            nan]
 [1.24717128e-10            nan]
 [1.26627093e-10            nan]
 [           nan 4.47941834e-10]
 [1.13958166e-10            nan]
 [5.10120311e-10            nan]
 [2.26802388e-10            nan]
 [1.58186055e-10            nan]
 [4.78464948e-10            nan]
 [1.07323910e-10            nan]
 [4.37781280e-10            nan]
 [4.46259758e-10            nan]
 [1.85784464e-10            nan]
 [4.66572907e-10            nan]
 [1.00212353e-10            nan]
 [4.71328685e-10            nan]
 [1.61458166e-10            nan]
 [4.63987647e-10            nan]
 [4.10715536e-10            nan]
 [1.94069723e-10            nan]
 [4.58274498e-10            nan]
 [1.95872907e-10            nan]
 [1.82854983e-10            nan]
 [1.49425502e-10            nan]
 [6.02413945e-10            nan]
 [1.04358166e-10            nan]
 [1.48669723e-10            nan]
 [1.75558166e-10            nan]
 [1.28169723e-10            nan]
 [4.68872907e-10            nan]
 [5.02000796e-10            nan]
 [1.20782872e-10            nan]
 [1.25559758e-10            nan]
 [1.57759758e-10            nan]
 [4.32517128e-10            nan]
 [1.18010761e-10            nan]
 [1.40662941e-10            nan]
 [4.92320311e-10            nan]
 [5.03528685e-10            nan]
 [1.47840242e-10            nan]
 [1.46925502e-10            nan]
 [4.72909170e-10            nan]
 [4.52425502e-10            nan]
 [4.88013945e-10            nan]
 [1.93221903e-10            nan]
 [2.25159758e-10            nan]
 [1.56999204e-10            nan]
 [5.31510761e-10            nan]
 [4.91535052e-10            nan]
 [2.72715536e-10            nan]
 [2.18597578e-11            nan]
 [7.45179930e-12            nan]
 [1.44384464e-10            nan]
 [2.23728685e-10            nan]
 [1.67923910e-10            nan]
 [1.66382872e-10            nan]
 [4.11658166e-10            nan]
 [4.47528685e-10            nan]
 [5.11818720e-10            nan]
 [1.34830277e-10            nan]
 [4.40254983e-10            nan]
 [           nan 5.41830277e-10]
 [4.76672907e-10            nan]
 [1.84590830e-10            nan]
 [3.97303979e-10            nan]
 [1.66287647e-10            nan]
 [5.50756574e-10            nan]
 [1.70772907e-10            nan]
 [           nan 1.47774498e-10]
 [4.15435467e-10            nan]
 [3.98603979e-10            nan]
 [2.07203979e-10            nan]
 [           nan 1.21472907e-10]
 [2.10612353e-10            nan]
 [4.98982872e-10            nan]
 [1.50420311e-10            nan]
 [4.25369723e-10            nan]
 [4.68266540e-10            nan]
 [1.57813945e-10            nan]
 [4.66730277e-10            nan]
 [1.35727093e-10            nan]
 [1.85858166e-10            nan]
 [1.06925502e-10            nan]
 [4.60400796e-10            nan]
 [           nan 4.42927093e-10]
 [5.34856574e-10            nan]
 [1.79545017e-10            nan]
 [4.29931869e-10            nan]
 [1.66486055e-10            nan]
 [1.20894429e-10            nan]
 [1.31027093e-10            nan]
 [4.84145017e-10            nan]
 [1.34740242e-10            nan]
 [2.32194429e-10            nan]
 [4.90982872e-10            nan]
 [4.38072907e-10            nan]
 [2.05499204e-10            nan]
 [4.24892837e-10            nan]
 [1.52925502e-10            nan]
 [4.47707163e-10            nan]
 [4.47672907e-10            nan]
 [1.99797612e-10            nan]
 [1.36289239e-10            nan]
 [1.12828685e-10            nan]
 [4.49184464e-10            nan]
 [4.30999204e-10            nan]
 [1.94372907e-10            nan]
 [4.67661349e-10            nan]
 [4.59645017e-10            nan]
 [2.11513945e-10            nan]
 [1.54549792e-10            nan]
 [1.60818720e-10            nan]
 [4.89200796e-10            nan]
 [5.30049792e-10            nan]
 [4.71068131e-10            nan]
 [1.36758166e-10            nan]
 [5.25703979e-10            nan]
 [1.29358166e-10            nan]
 [3.68162941e-10            nan]
 [4.39064948e-10            nan]]
index_where_photons_det_z: [    3     5    14    77    97   106   110   121   155   159   186   190
   213   218   229   238   247   250   289   295   310   316   359   372
   412   417   435   479   495   504   505   533   548   569   581   584
   655   667   703   719   742   743   757   863   867   868   875   885
   908   915   951   965  1024  1038  1069  1148  1152  1166  1213  1217
  1227  1251  1273  1297  1304  1307  1330  1342  1384  1393  1409  1415
  1424  1433  1451  1509  1530  1531  1532  1568  1576  1587  1593  1639
  1650  1718  1785  1793  1798  1807  1814  1838  1865  1869  1875  1956
  1961  1968  1969  1979  1984  1993  2000  2005  2009  2017  2029  2042
  2053  2097  2174  2177  2192  2246  2251  2278  2295  2334  2354  2376
  2430  2434  2482  2502  2544  2551  2556  2576  2594  2621  2675  2682
  2694  2708  2713  2737  2765  2812  2818  2892  2945  2949  2959  2960
  2995  3000  3005  3006  3025  3051  3084  3087  3123  3141  3152  3191
  3265  3269  3289  3317  3329  3344  3352  3376  3392  3408  3432  3442
  3484  3494  3516  3549  3550  3603  3636  3664  3674  3691  3726  3746
  3800  3806  3844  3845  3846  3929  3947  3998  4014  4019  4069  4072
  4078  4079  4185  4187  4224  4292  4341  4342  4343  4372  4375  4416
  4429  4442  4477  4486  4519  4520  4560  4564  4585  4625  4631  4637
  4665  4687  4688  4726  4735  4738  4741  4749  4763  4789  4853  4868
  4965  4977  5022  5086  5132  5154  5248  5256  5282  5303  5399  5449
  5472  5514  5520  5523  5551  5578  5596  5601  5608  5622  5633  5644
  5645  5669  5680  5689  5697  5704  5731  5760  5783  5784  5797  5809
  5826  5830  5875  5893  5905  5908  5939  5959  5972  5982  5985  5990
  5995  6021  6043  6074  6106  6143  6167  6200  6260  6285  6296  6304
  6305  6355  6358  6359  6382  6393  6409  6447  6491  6504  6517  6522
  6542  6544  6550  6560  6562  6575  6578  6609  6622  6629  6640  6644
  6657  6673  6705  6706  6717  6723  6751  6768  6783  6795  6805  6862
  6874  6886  6893  6894  6897  6906  6919  6924  6927  6956  6979  6985
  7162  7239  7243  7287  7313  7341  7361  7410  7449  7458  7462  7470
  7477  7509  7531  7535  7549  7553  7562  7586  7654  7670  7695  7710
  7721  7731  7769  7814  7815  7822  7828  7866  7881  7896  7902  7934
  7967  7968  7989  7990  7991  8045  8054  8060  8109  8151  8174  8256
  8345  8349  8369  8377  8378  8398  8423  8437  8458  8476  8481  8537
  8556  8582  8587  8596  8650  8651  8740  8772  8782  8802  8823  8832
  8873  8877  8887  8912  8955  8975  8989  9024  9045  9048  9049  9109
  9152  9196  9216  9219  9273  9282  9285  9302  9312  9313  9344  9353
  9363  9379  9401  9404  9449  9467  9492  9505  9526  9546  9558  9596
  9607  9615  9628  9648  9650  9662  9671  9713  9753  9764  9786  9797
  9824  9829  9872  9875  9877  9933  9956  9957  9961  9963  9985  9989
 10007 10028 10034 10050 10063 10147 10164 10211 10256 10278 10295 10296
 10311 10319 10351 10379 10393 10399 10422 10426 10436 10437 10508 10532
 10579 10584 10608 10625 10639 10676 10683 10690 10696 10701 10769 10785
 10787 10822 10839 10845 10857 10862 10863 10869 10893 10950 10953 10969
 11000 11041 11074 11118 11124 11141 11144 11145 11201 11251 11252 11255
 11315 11330 11331 11336 11356 11384 11390 11398 11419 11434 11465 11476
 11492 11493 11495 11496 11500 11501 11526 11535 11540 11573 11575 11618
 11635 11686 11689 11690 11695 11701 11742 11746 11805 11813 11821 11823
 11881 11889 11980 11998 12016 12019 12037 12069 12088 12109 12117 12144
 12164 12211 12215 12233 12282 12290 12295 12297 12318 12320 12370 12377
 12389 12406 12453 12469 12502 12511 12512 12514 12532 12551 12564 12573
 12594 12604 12628 12633 12660 12683 12686 12715 12721 12759 12834 12853
 12880 12895 12908 12914 12918 12959 12999 13022 13057 13101 13119 13121
 13126 13156 13168 13234 13272 13299 13310 13354 13420 13431 13449 13451
 13495 13509 13518 13536 13538 13542 13587 13638 13664 13707 13712 13713
 13720 13724 13740 13762 13763 13794 13801 13851 13856 13864 13875 13905
 13946 13953 13956 13958 13963 14002 14011 14026 14032 14124 14145 14148
 14156 14195 14219 14249 14256 14294 14297 14298 14308 14313 14326 14328
 14342 14364 14365 14373 14376 14385 14386 14453 14472 14487 14501 14516
 14521 14534 14537 14547 14557 14559 14662 14670 14695 14726 14737 14767
 14794 14796 14808 14815 14866 14889 14890 14910 14965 14981 15015 15034
 15086 15092 15113 15117 15166 15172 15215 15223 15231 15252 15257 15287
 15295 15298 15307 15308 15341 15367 15384 15427 15431 15479 15524 15552
 15557 15561 15565 15611 15613 15618 15619 15623 15678 15709 15726 15736
 15790 15813 15818 15821 15851 15857 15858 15887 15898 15982 15992 16007
 16023 16039 16066 16137 16171 16216 16251 16259 16262 16267 16296 16313
 16323 16347 16366 16374 16444 16472 16516 16521 16563 16574 16581 16584
 16615 16617 16639 16666 16795 16817 16838 16889 16914 16924 16966 16978
 16984 17033 17109 17125 17141 17168 17200 17231 17249 17258 17263 17266
 17267 17282 17301 17305 17337 17373 17395 17421 17473 17475 17523 17550
 17578 17607 17632 17696 17704 17716 17720 17726 17794 17824 17832 17858
 17866 17869 17874 17881 17891 17956 17963 18039 18078 18099 18107 18129
 18132 18136 18142 18162 18179 18251 18255 18338 18340 18342 18364 18373
 18386 18392 18419 18429 18476 18559 18577 18580 18610 18622 18645 18667
 18717 18727 18758 18775 18795 18805 18861 18903 18922 18935 18950 18952
 19003 19009 19045 19053 19155 19166 19176 19186 19187 19219 19251 19254
 19263 19280 19294 19297 19327 19331 19380 19410 19413 19419 19441 19473
 19514 19564 19647 19658 19663 19674 19699 19706 19724 19738 19797 19809
 19813 19840 19846 19860 19882 19884 19911 19913 19970]
